# 개찰결과 수집 누락 날짜 목록
# 생성일시: 2026-01-27
# 총 누락 날짜 수: 6246

## 공사 2010년 (112일 누락)
20100514
20100515
20100516
20100517
20100518
20100519
20100520
20100521
20100522
20100523
20100524
20100525
20100526
20100527
20100528
20100529
20100530
20100531
20100601
20100602
20100603
20100604
20100605
20100606
20100607
20100608
20100609
20100610
20100611
20100612
20100613
20100614
20100615
20100616
20100617
20100618
20100619
20100620
20100621
20100622
20100623
20100624
20100625
20100626
20100627
20100628
20100629
20100630
20100701
20100702
20100703
20100704
20100705
20100706
20100707
20100708
20100709
20100710
20100711
20100712
20100713
20100714
20100715
20100716
20100717
20100718
20100719
20100720
20100721
20100722
20100723
20100724
20100725
20100726
20100727
20100728
20100729
20100730
20100731
20100801
20100802
20100803
20100804
20100805
20100806
20100807
20100808
20100809
20100810
20100811
20100812
20100813
20100814
20100815
20100816
20100817
20100818
20100819
20100820
20100821
20100822
20100823
20100824
20100825
20100826
20100827
20100828
20100829
20100830
20100831
20100901
20100902

## 공사 2011년 (90일 누락)
20110517
20110518
20110519
20110520
20110521
20110522
20110523
20110524
20110525
20110526
20110527
20110528
20110529
20110530
20110531
20110601
20110602
20110603
20110604
20110605
20110606
20110607
20110608
20110609
20110610
20110611
20110612
20110613
20110614
20110615
20110616
20110617
20110618
20110619
20110620
20110621
20110622
20110623
20110624
20110625
20110626
20110627
20110628
20110629
20110630
20110701
20110702
20110703
20110704
20110705
20110706
20110707
20110708
20110709
20110710
20110711
20110712
20110713
20110714
20110715
20110716
20110717
20110718
20110719
20110720
20110721
20110722
20110723
20110724
20110725
20110726
20110727
20110728
20110729
20110730
20110731
20110801
20110802
20110803
20110804
20110805
20110806
20110807
20110808
20110809
20110810
20110811
20110812
20110813
20110814

## 공사 2012년 (116일 누락)
20120510
20120511
20120512
20120513
20120514
20120515
20120516
20120517
20120518
20120519
20120520
20120521
20120522
20120523
20120524
20120525
20120526
20120527
20120528
20120529
20120530
20120531
20120601
20120602
20120603
20120604
20120605
20120606
20120607
20120608
20120609
20120610
20120611
20120612
20120613
20120614
20120615
20120616
20120617
20120618
20120619
20120620
20120621
20120622
20120623
20120624
20120625
20120626
20120627
20120628
20120629
20120630
20120701
20120702
20120703
20120704
20120705
20120706
20120707
20120708
20120709
20120710
20120711
20120712
20120713
20120714
20120715
20120716
20120717
20120718
20120719
20120720
20120721
20120722
20120723
20120724
20120725
20120726
20120727
20120728
20120729
20120730
20120731
20120801
20120802
20120803
20120804
20120805
20120806
20120807
20120808
20120809
20120810
20120811
20120812
20120813
20120814
20120815
20120816
20120817
20120818
20120819
20120820
20120821
20120822
20120823
20120824
20120825
20120826
20120827
20120828
20120829
20120830
20120831
20120901
20120902

## 공사 2013년 (114일 누락)
20130520
20130521
20130522
20130523
20130524
20130525
20130526
20130527
20130528
20130529
20130530
20130531
20130601
20130602
20130603
20130604
20130605
20130606
20130607
20130608
20130609
20130610
20130611
20130612
20130613
20130614
20130615
20130616
20130617
20130618
20130619
20130620
20130621
20130622
20130623
20130624
20130625
20130626
20130627
20130628
20130629
20130630
20130701
20130702
20130703
20130704
20130705
20130706
20130707
20130708
20130709
20130710
20130711
20130712
20130713
20130714
20130715
20130716
20130717
20130718
20130719
20130720
20130721
20130722
20130723
20130724
20130725
20130726
20130727
20130728
20130729
20130730
20130731
20130801
20130802
20130803
20130804
20130805
20130806
20130807
20130808
20130809
20130810
20130811
20130812
20130813
20130814
20130815
20130816
20130817
20130818
20130819
20130820
20130821
20130822
20130823
20130824
20130825
20130826
20130827
20130828
20130829
20130830
20130831
20130901
20130902
20130903
20130904
20130905
20130906
20130907
20130908
20130909
20130910

## 공사 2014년 (105일 누락)
20140521
20140522
20140523
20140524
20140525
20140526
20140527
20140528
20140529
20140530
20140531
20140601
20140602
20140603
20140604
20140605
20140606
20140607
20140608
20140609
20140610
20140611
20140612
20140613
20140614
20140615
20140616
20140617
20140618
20140619
20140620
20140621
20140622
20140623
20140624
20140625
20140626
20140627
20140628
20140629
20140630
20140701
20140702
20140703
20140704
20140705
20140706
20140707
20140708
20140709
20140710
20140711
20140712
20140713
20140714
20140715
20140716
20140717
20140718
20140719
20140720
20140721
20140722
20140723
20140724
20140725
20140726
20140727
20140728
20140729
20140730
20140731
20140801
20140802
20140803
20140804
20140805
20140806
20140807
20140808
20140809
20140810
20140811
20140812
20140813
20140814
20140815
20140816
20140817
20140818
20140819
20140820
20140821
20140822
20140823
20140824
20140825
20140826
20140827
20140828
20140829
20140830
20140831
20140901
20140902

## 공사 2015년 (114일 누락)
20150601
20150602
20150603
20150604
20150605
20150606
20150607
20150608
20150609
20150610
20150611
20150612
20150613
20150614
20150615
20150616
20150617
20150618
20150619
20150620
20150621
20150622
20150623
20150624
20150625
20150626
20150627
20150628
20150629
20150630
20150701
20150702
20150703
20150704
20150705
20150706
20150707
20150708
20150709
20150710
20150711
20150712
20150713
20150714
20150715
20150716
20150717
20150718
20150719
20150720
20150721
20150722
20150723
20150724
20150725
20150726
20150727
20150728
20150729
20150730
20150731
20150801
20150802
20150803
20150804
20150805
20150806
20150807
20150808
20150809
20150810
20150811
20150812
20150813
20150814
20150815
20150816
20150817
20150818
20150819
20150820
20150821
20150822
20150823
20150824
20150825
20150826
20150827
20150828
20150829
20150830
20150831
20150901
20150902
20150903
20150904
20150905
20150906
20150907
20150908
20150909
20150910
20150911
20150912
20150913
20150914
20150915
20150916
20150917
20150918
20150919
20150920
20150921
20150922

## 공사 2016년 (131일 누락)
20160523
20160524
20160525
20160526
20160527
20160528
20160529
20160530
20160531
20160601
20160602
20160603
20160604
20160605
20160606
20160607
20160608
20160609
20160610
20160611
20160612
20160613
20160614
20160615
20160616
20160617
20160618
20160619
20160620
20160621
20160622
20160623
20160624
20160625
20160626
20160627
20160628
20160629
20160630
20160701
20160702
20160703
20160704
20160705
20160706
20160707
20160708
20160709
20160710
20160711
20160712
20160713
20160714
20160715
20160716
20160717
20160718
20160719
20160720
20160721
20160722
20160723
20160724
20160725
20160726
20160727
20160728
20160729
20160730
20160731
20160801
20160802
20160803
20160804
20160805
20160806
20160807
20160808
20160809
20160810
20160811
20160812
20160813
20160814
20160815
20160816
20160817
20160818
20160819
20160820
20160821
20160822
20160823
20160824
20160825
20160826
20160827
20160828
20160829
20160830
20160831
20160901
20160902
20160903
20160904
20160905
20160906
20160907
20160908
20160909
20160910
20160911
20160912
20160913
20160914
20160915
20160916
20160917
20160918
20160919
20160920
20160921
20160922
20160923
20160924
20160925
20160926
20160927
20160928
20160929
20160930

## 공사 2017년 (110일 누락)
20170518
20170519
20170520
20170521
20170522
20170523
20170524
20170525
20170526
20170527
20170528
20170529
20170530
20170531
20170601
20170602
20170603
20170604
20170605
20170606
20170607
20170608
20170609
20170610
20170611
20170612
20170613
20170614
20170615
20170616
20170617
20170618
20170619
20170620
20170621
20170622
20170623
20170624
20170625
20170626
20170627
20170628
20170629
20170630
20170701
20170702
20170703
20170704
20170705
20170706
20170707
20170708
20170709
20170710
20170711
20170712
20170713
20170714
20170715
20170716
20170717
20170718
20170719
20170720
20170721
20170722
20170723
20170724
20170725
20170726
20170727
20170728
20170729
20170730
20170731
20170801
20170802
20170803
20170804
20170805
20170806
20170807
20170808
20170809
20170810
20170811
20170812
20170813
20170814
20170815
20170816
20170817
20170818
20170819
20170820
20170821
20170822
20170823
20170824
20170825
20170826
20170827
20170828
20170829
20170830
20170831
20170901
20170902
20170903
20170904

## 공사 2018년 (118일 누락)
20180518
20180519
20180520
20180521
20180522
20180523
20180524
20180525
20180526
20180527
20180528
20180529
20180530
20180531
20180601
20180602
20180603
20180604
20180605
20180606
20180607
20180608
20180609
20180610
20180611
20180612
20180613
20180614
20180615
20180616
20180617
20180618
20180619
20180620
20180621
20180622
20180623
20180624
20180625
20180626
20180627
20180628
20180629
20180630
20180701
20180702
20180703
20180704
20180705
20180706
20180707
20180708
20180709
20180710
20180711
20180712
20180713
20180714
20180715
20180716
20180717
20180718
20180719
20180720
20180721
20180722
20180723
20180724
20180725
20180726
20180727
20180728
20180729
20180730
20180731
20180801
20180802
20180803
20180804
20180805
20180806
20180807
20180808
20180809
20180810
20180811
20180812
20180813
20180814
20180815
20180816
20180817
20180818
20180819
20180820
20180821
20180822
20180823
20180824
20180825
20180826
20180827
20180828
20180829
20180830
20180831
20180901
20180902
20180903
20180904
20180905
20180906
20180907
20180908
20180909
20180910
20180911
20180912

## 공사 2019년 (113일 누락)
20190515
20190516
20190517
20190518
20190519
20190520
20190521
20190522
20190523
20190524
20190525
20190526
20190527
20190528
20190529
20190530
20190531
20190601
20190602
20190603
20190604
20190605
20190606
20190607
20190608
20190609
20190610
20190611
20190612
20190613
20190614
20190615
20190616
20190617
20190618
20190619
20190620
20190621
20190622
20190623
20190624
20190625
20190626
20190627
20190628
20190629
20190630
20190701
20190702
20190703
20190704
20190705
20190706
20190707
20190708
20190709
20190710
20190711
20190712
20190713
20190714
20190715
20190716
20190717
20190718
20190719
20190720
20190721
20190722
20190723
20190724
20190725
20190726
20190727
20190728
20190729
20190730
20190731
20190801
20190802
20190803
20190804
20190805
20190806
20190807
20190808
20190809
20190810
20190811
20190812
20190813
20190814
20190815
20190816
20190817
20190818
20190819
20190820
20190821
20190822
20190823
20190824
20190825
20190826
20190827
20190828
20190829
20190830
20190831
20190901
20190902
20190903
20190904

## 공사 2020년 (124일 누락)
20200513
20200514
20200515
20200516
20200517
20200518
20200519
20200520
20200521
20200522
20200523
20200524
20200525
20200526
20200527
20200528
20200529
20200530
20200531
20200601
20200602
20200603
20200604
20200605
20200606
20200607
20200608
20200609
20200610
20200611
20200612
20200613
20200614
20200615
20200616
20200617
20200618
20200619
20200620
20200621
20200622
20200623
20200624
20200625
20200626
20200627
20200628
20200629
20200630
20200701
20200702
20200703
20200704
20200705
20200706
20200707
20200708
20200709
20200710
20200711
20200712
20200713
20200714
20200715
20200716
20200717
20200718
20200719
20200720
20200721
20200722
20200723
20200724
20200725
20200726
20200727
20200728
20200729
20200730
20200731
20200801
20200802
20200803
20200804
20200805
20200806
20200807
20200808
20200809
20200810
20200811
20200812
20200813
20200814
20200815
20200816
20200817
20200818
20200819
20200820
20200821
20200822
20200823
20200824
20200825
20200826
20200827
20200828
20200829
20200830
20200831
20200901
20200902
20200903
20200904
20200905
20200906
20200907
20200908
20200909
20200910
20200911
20200912
20200913

## 공사 2021년 (98일 누락)
20210514
20210515
20210516
20210517
20210518
20210519
20210520
20210521
20210522
20210523
20210524
20210525
20210526
20210527
20210528
20210529
20210530
20210531
20210601
20210602
20210603
20210604
20210605
20210606
20210607
20210608
20210609
20210610
20210611
20210612
20210613
20210614
20210615
20210616
20210617
20210618
20210619
20210620
20210621
20210622
20210623
20210624
20210625
20210626
20210627
20210628
20210629
20210630
20210701
20210702
20210703
20210704
20210705
20210706
20210707
20210708
20210709
20210710
20210711
20210712
20210713
20210714
20210715
20210716
20210717
20210718
20210719
20210720
20210721
20210722
20210723
20210724
20210725
20210726
20210727
20210728
20210729
20210730
20210731
20210801
20210802
20210803
20210804
20210805
20210806
20210807
20210808
20210809
20210810
20210811
20210812
20210813
20210814
20210815
20210816
20210817
20210818
20210819

## 공사 2022년 (109일 누락)
20220519
20220520
20220521
20220522
20220523
20220524
20220525
20220526
20220527
20220528
20220529
20220530
20220531
20220601
20220602
20220603
20220604
20220605
20220606
20220607
20220608
20220609
20220610
20220611
20220612
20220613
20220614
20220615
20220616
20220617
20220618
20220619
20220620
20220621
20220622
20220623
20220624
20220625
20220626
20220627
20220628
20220629
20220630
20220701
20220702
20220703
20220704
20220705
20220706
20220707
20220708
20220709
20220710
20220711
20220712
20220713
20220714
20220715
20220716
20220717
20220718
20220719
20220720
20220721
20220722
20220723
20220724
20220725
20220726
20220727
20220728
20220729
20220730
20220731
20220801
20220802
20220803
20220804
20220805
20220806
20220807
20220808
20220809
20220810
20220811
20220812
20220813
20220814
20220815
20220816
20220817
20220818
20220819
20220820
20220821
20220822
20220823
20220824
20220825
20220826
20220827
20220828
20220829
20220830
20220831
20220901
20220902
20220903
20220904

## 공사 2023년 (109일 누락)
20230522
20230523
20230524
20230525
20230526
20230527
20230528
20230529
20230530
20230531
20230601
20230602
20230603
20230604
20230605
20230606
20230607
20230608
20230609
20230610
20230611
20230612
20230613
20230614
20230615
20230616
20230617
20230618
20230619
20230620
20230621
20230622
20230623
20230624
20230625
20230626
20230627
20230628
20230629
20230630
20230701
20230702
20230703
20230704
20230705
20230706
20230707
20230708
20230709
20230710
20230711
20230712
20230713
20230714
20230715
20230716
20230717
20230718
20230719
20230720
20230721
20230722
20230723
20230724
20230725
20230726
20230727
20230728
20230729
20230730
20230731
20230801
20230802
20230803
20230804
20230805
20230806
20230807
20230808
20230809
20230810
20230811
20230812
20230813
20230814
20230815
20230816
20230817
20230818
20230819
20230820
20230821
20230822
20230823
20230824
20230825
20230826
20230827
20230828
20230829
20230830
20230831
20230901
20230902
20230903
20230904
20230905
20230906
20230907

## 공사 2024년 (118일 누락)
20240521
20240522
20240523
20240524
20240525
20240526
20240527
20240528
20240529
20240530
20240531
20240601
20240602
20240603
20240604
20240605
20240606
20240607
20240608
20240609
20240610
20240611
20240612
20240613
20240614
20240615
20240616
20240617
20240618
20240619
20240620
20240621
20240622
20240623
20240624
20240625
20240626
20240627
20240628
20240629
20240630
20240701
20240702
20240703
20240704
20240705
20240706
20240707
20240708
20240709
20240710
20240711
20240712
20240713
20240714
20240715
20240716
20240717
20240718
20240719
20240720
20240721
20240722
20240723
20240724
20240725
20240726
20240727
20240728
20240729
20240730
20240731
20240801
20240802
20240803
20240804
20240805
20240806
20240807
20240808
20240809
20240810
20240811
20240812
20240813
20240814
20240815
20240816
20240817
20240818
20240819
20240820
20240821
20240822
20240823
20240824
20240825
20240826
20240827
20240828
20240829
20240830
20240831
20240901
20240902
20240903
20240904
20240905
20240906
20240907
20240908
20240909
20240910
20240911
20240912
20240913
20240914
20240915

## 공사 2025년 (97일 누락)
20250523
20250524
20250525
20250526
20250527
20250528
20250529
20250530
20250531
20250601
20250602
20250603
20250604
20250605
20250606
20250607
20250608
20250609
20250610
20250611
20250612
20250613
20250614
20250615
20250616
20250617
20250618
20250619
20250620
20250621
20250622
20250623
20250624
20250625
20250626
20250627
20250628
20250629
20250630
20250701
20250702
20250703
20250704
20250705
20250706
20250707
20250708
20250709
20250710
20250711
20250712
20250713
20250714
20250715
20250716
20250717
20250718
20250719
20250720
20250721
20250722
20250723
20250724
20250725
20250726
20250727
20250728
20250729
20250730
20250731
20250801
20250802
20250803
20250804
20250805
20250806
20250807
20250808
20250809
20250810
20250811
20250812
20250813
20250814
20250815
20250816
20250817
20250818
20250819
20250820
20250821
20250822
20250823
20250824
20250825
20250826
20250827

## 물품 2010년 (121일 누락)
20100427
20100428
20100429
20100430
20100501
20100502
20100503
20100504
20100505
20100506
20100507
20100508
20100509
20100510
20100511
20100512
20100513
20100514
20100515
20100516
20100517
20100518
20100519
20100520
20100521
20100522
20100523
20100524
20100525
20100526
20100527
20100528
20100529
20100530
20100531
20100601
20100602
20100603
20100604
20100605
20100606
20100607
20100608
20100609
20100610
20100611
20100612
20100613
20100614
20100615
20100616
20100617
20100618
20100619
20100620
20100621
20100622
20100623
20100624
20100625
20100626
20100627
20100628
20100629
20100630
20100701
20100702
20100703
20100704
20100705
20100706
20100707
20100708
20100709
20100710
20100711
20100712
20100713
20100714
20100715
20100716
20100717
20100718
20100719
20100720
20100721
20100722
20100723
20100724
20100725
20100726
20100727
20100728
20100729
20100730
20100731
20100801
20100802
20100803
20100804
20100805
20100806
20100807
20100808
20100809
20100810
20100811
20100812
20100813
20100814
20100815
20100816
20100817
20100818
20100819
20100820
20100821
20100822
20100823
20100824
20100825

## 물품 2011년 (121일 누락)
20110426
20110427
20110428
20110429
20110430
20110501
20110502
20110503
20110504
20110505
20110506
20110507
20110508
20110509
20110510
20110511
20110512
20110513
20110514
20110515
20110516
20110517
20110518
20110519
20110520
20110521
20110522
20110523
20110524
20110525
20110526
20110527
20110528
20110529
20110530
20110531
20110601
20110602
20110603
20110604
20110605
20110606
20110607
20110608
20110609
20110610
20110611
20110612
20110613
20110614
20110615
20110616
20110617
20110618
20110619
20110620
20110621
20110622
20110623
20110624
20110625
20110626
20110627
20110628
20110629
20110630
20110701
20110702
20110703
20110704
20110705
20110706
20110707
20110708
20110709
20110710
20110711
20110712
20110713
20110714
20110715
20110716
20110717
20110718
20110719
20110720
20110721
20110722
20110723
20110724
20110725
20110726
20110727
20110728
20110729
20110730
20110731
20110801
20110802
20110803
20110804
20110805
20110806
20110807
20110808
20110809
20110810
20110811
20110812
20110813
20110814
20110815
20110816
20110817
20110818
20110819
20110820
20110821
20110822
20110823
20110824

## 물품 2012년 (98일 누락)
20120426
20120427
20120428
20120429
20120430
20120501
20120502
20120503
20120504
20120505
20120506
20120507
20120508
20120509
20120510
20120511
20120512
20120513
20120514
20120515
20120516
20120517
20120518
20120519
20120520
20120521
20120522
20120523
20120524
20120525
20120526
20120527
20120528
20120529
20120530
20120531
20120601
20120602
20120603
20120604
20120605
20120606
20120607
20120608
20120609
20120610
20120611
20120612
20120613
20120614
20120615
20120616
20120617
20120618
20120619
20120620
20120621
20120622
20120623
20120624
20120625
20120626
20120627
20120628
20120629
20120630
20120701
20120702
20120703
20120704
20120705
20120706
20120707
20120708
20120709
20120710
20120711
20120712
20120713
20120714
20120715
20120716
20120717
20120718
20120719
20120720
20120721
20120722
20120723
20120724
20120725
20120726
20120727
20120728
20120729
20120730
20120731
20120801

## 물품 2013년 (101일 누락)
20130427
20130428
20130429
20130430
20130501
20130502
20130503
20130504
20130505
20130506
20130507
20130508
20130509
20130510
20130511
20130512
20130513
20130514
20130515
20130516
20130517
20130518
20130519
20130520
20130521
20130522
20130523
20130524
20130525
20130526
20130527
20130528
20130529
20130530
20130531
20130601
20130602
20130603
20130604
20130605
20130606
20130607
20130608
20130609
20130610
20130611
20130612
20130613
20130614
20130615
20130616
20130617
20130618
20130619
20130620
20130621
20130622
20130623
20130624
20130625
20130626
20130627
20130628
20130629
20130630
20130701
20130702
20130703
20130704
20130705
20130706
20130707
20130708
20130709
20130710
20130711
20130712
20130713
20130714
20130715
20130716
20130717
20130718
20130719
20130720
20130721
20130722
20130723
20130724
20130725
20130726
20130727
20130728
20130729
20130730
20130731
20130801
20130802
20130803
20130804
20130805

## 물품 2014년 (121일 누락)
20140506
20140507
20140508
20140509
20140510
20140511
20140512
20140513
20140514
20140515
20140516
20140517
20140518
20140519
20140520
20140521
20140522
20140523
20140524
20140525
20140526
20140527
20140528
20140529
20140530
20140531
20140601
20140602
20140603
20140604
20140605
20140606
20140607
20140608
20140609
20140610
20140611
20140612
20140613
20140614
20140615
20140616
20140617
20140618
20140619
20140620
20140621
20140622
20140623
20140624
20140625
20140626
20140627
20140628
20140629
20140630
20140701
20140702
20140703
20140704
20140705
20140706
20140707
20140708
20140709
20140710
20140711
20140712
20140713
20140714
20140715
20140716
20140717
20140718
20140719
20140720
20140721
20140722
20140723
20140724
20140725
20140726
20140727
20140728
20140729
20140730
20140731
20140801
20140802
20140803
20140804
20140805
20140806
20140807
20140808
20140809
20140810
20140811
20140812
20140813
20140814
20140815
20140816
20140817
20140818
20140819
20140820
20140821
20140822
20140823
20140824
20140825
20140826
20140827
20140828
20140829
20140830
20140831
20140901
20140902
20140903

## 물품 2015년 (110일 누락)
20150512
20150513
20150514
20150515
20150516
20150517
20150518
20150519
20150520
20150521
20150522
20150523
20150524
20150525
20150526
20150527
20150528
20150529
20150530
20150531
20150601
20150602
20150603
20150604
20150605
20150606
20150607
20150608
20150609
20150610
20150611
20150612
20150613
20150614
20150615
20150616
20150617
20150618
20150619
20150620
20150621
20150622
20150623
20150624
20150625
20150626
20150627
20150628
20150629
20150630
20150701
20150702
20150703
20150704
20150705
20150706
20150707
20150708
20150709
20150710
20150711
20150712
20150713
20150714
20150715
20150716
20150717
20150718
20150719
20150720
20150721
20150722
20150723
20150724
20150725
20150726
20150727
20150728
20150729
20150730
20150731
20150801
20150802
20150803
20150804
20150805
20150806
20150807
20150808
20150809
20150810
20150811
20150812
20150813
20150814
20150815
20150816
20150817
20150818
20150819
20150820
20150821
20150822
20150823
20150824
20150825
20150826
20150827
20150828
20150829

## 물품 2016년 (97일 누락)
20160510
20160511
20160512
20160513
20160514
20160515
20160516
20160517
20160518
20160519
20160520
20160521
20160522
20160523
20160524
20160525
20160526
20160527
20160528
20160529
20160530
20160531
20160601
20160602
20160603
20160604
20160605
20160606
20160607
20160608
20160609
20160610
20160611
20160612
20160613
20160614
20160615
20160616
20160617
20160618
20160619
20160620
20160621
20160622
20160623
20160624
20160625
20160626
20160627
20160628
20160629
20160630
20160701
20160702
20160703
20160704
20160705
20160706
20160707
20160708
20160709
20160710
20160711
20160712
20160713
20160714
20160715
20160716
20160717
20160718
20160719
20160720
20160721
20160722
20160723
20160724
20160725
20160726
20160727
20160728
20160729
20160730
20160731
20160801
20160802
20160803
20160804
20160805
20160806
20160807
20160808
20160809
20160810
20160811
20160812
20160813
20160814

## 물품 2017년 (102일 누락)
20170513
20170514
20170515
20170516
20170517
20170518
20170519
20170520
20170521
20170522
20170523
20170524
20170525
20170526
20170527
20170528
20170529
20170530
20170531
20170601
20170602
20170603
20170604
20170605
20170606
20170607
20170608
20170609
20170610
20170611
20170612
20170613
20170614
20170615
20170616
20170617
20170618
20170619
20170620
20170621
20170622
20170623
20170624
20170625
20170626
20170627
20170628
20170629
20170630
20170701
20170702
20170703
20170704
20170705
20170706
20170707
20170708
20170709
20170710
20170711
20170712
20170713
20170714
20170715
20170716
20170717
20170718
20170719
20170720
20170721
20170722
20170723
20170724
20170725
20170726
20170727
20170728
20170729
20170730
20170731
20170801
20170802
20170803
20170804
20170805
20170806
20170807
20170808
20170809
20170810
20170811
20170812
20170813
20170814
20170815
20170816
20170817
20170818
20170819
20170820
20170821
20170822

## 물품 2018년 (111일 누락)
20180511
20180512
20180513
20180514
20180515
20180516
20180517
20180518
20180519
20180520
20180521
20180522
20180523
20180524
20180525
20180526
20180527
20180528
20180529
20180530
20180531
20180601
20180602
20180603
20180604
20180605
20180606
20180607
20180608
20180609
20180610
20180611
20180612
20180613
20180614
20180615
20180616
20180617
20180618
20180619
20180620
20180621
20180622
20180623
20180624
20180625
20180626
20180627
20180628
20180629
20180630
20180701
20180702
20180703
20180704
20180705
20180706
20180707
20180708
20180709
20180710
20180711
20180712
20180713
20180714
20180715
20180716
20180717
20180718
20180719
20180720
20180721
20180722
20180723
20180724
20180725
20180726
20180727
20180728
20180729
20180730
20180731
20180801
20180802
20180803
20180804
20180805
20180806
20180807
20180808
20180809
20180810
20180811
20180812
20180813
20180814
20180815
20180816
20180817
20180818
20180819
20180820
20180821
20180822
20180823
20180824
20180825
20180826
20180827
20180828
20180829

## 물품 2019년 (95일 누락)
20190517
20190518
20190519
20190520
20190521
20190522
20190523
20190524
20190525
20190526
20190527
20190528
20190529
20190530
20190531
20190601
20190602
20190603
20190604
20190605
20190606
20190607
20190608
20190609
20190610
20190611
20190612
20190613
20190614
20190615
20190616
20190617
20190618
20190619
20190620
20190621
20190622
20190623
20190624
20190625
20190626
20190627
20190628
20190629
20190630
20190701
20190702
20190703
20190704
20190705
20190706
20190707
20190708
20190709
20190710
20190711
20190712
20190713
20190714
20190715
20190716
20190717
20190718
20190719
20190720
20190721
20190722
20190723
20190724
20190725
20190726
20190727
20190728
20190729
20190730
20190731
20190801
20190802
20190803
20190804
20190805
20190806
20190807
20190808
20190809
20190810
20190811
20190812
20190813
20190814
20190815
20190816
20190817
20190818
20190819

## 물품 2020년 (125일 누락)
20200513
20200514
20200515
20200516
20200517
20200518
20200519
20200520
20200521
20200522
20200523
20200524
20200525
20200526
20200527
20200528
20200529
20200530
20200531
20200601
20200602
20200603
20200604
20200605
20200606
20200607
20200608
20200609
20200610
20200611
20200612
20200613
20200614
20200615
20200616
20200617
20200618
20200619
20200620
20200621
20200622
20200623
20200624
20200625
20200626
20200627
20200628
20200629
20200630
20200701
20200702
20200703
20200704
20200705
20200706
20200707
20200708
20200709
20200710
20200711
20200712
20200713
20200714
20200715
20200716
20200717
20200718
20200719
20200720
20200721
20200722
20200723
20200724
20200725
20200726
20200727
20200728
20200729
20200730
20200731
20200801
20200802
20200803
20200804
20200805
20200806
20200807
20200808
20200809
20200810
20200811
20200812
20200813
20200814
20200815
20200816
20200817
20200818
20200819
20200820
20200821
20200822
20200823
20200824
20200825
20200826
20200827
20200828
20200829
20200830
20200831
20200901
20200902
20200903
20200904
20200905
20200906
20200907
20200908
20200909
20200910
20200911
20200912
20200913
20200914

## 물품 2021년 (118일 누락)
20210515
20210516
20210517
20210518
20210519
20210520
20210521
20210522
20210523
20210524
20210525
20210526
20210527
20210528
20210529
20210530
20210531
20210601
20210602
20210603
20210604
20210605
20210606
20210607
20210608
20210609
20210610
20210611
20210612
20210613
20210614
20210615
20210616
20210617
20210618
20210619
20210620
20210621
20210622
20210623
20210624
20210625
20210626
20210627
20210628
20210629
20210630
20210701
20210702
20210703
20210704
20210705
20210706
20210707
20210708
20210709
20210710
20210711
20210712
20210713
20210714
20210715
20210716
20210717
20210718
20210719
20210720
20210721
20210722
20210723
20210724
20210725
20210726
20210727
20210728
20210729
20210730
20210731
20210801
20210802
20210803
20210804
20210805
20210806
20210807
20210808
20210809
20210810
20210811
20210812
20210813
20210814
20210815
20210816
20210817
20210818
20210819
20210820
20210821
20210822
20210823
20210824
20210825
20210826
20210827
20210828
20210829
20210830
20210831
20210901
20210902
20210903
20210904
20210905
20210906
20210907
20210908
20210909

## 물품 2022년 (105일 누락)
20220521
20220522
20220523
20220524
20220525
20220526
20220527
20220528
20220529
20220530
20220531
20220601
20220602
20220603
20220604
20220605
20220606
20220607
20220608
20220609
20220610
20220611
20220612
20220613
20220614
20220615
20220616
20220617
20220618
20220619
20220620
20220621
20220622
20220623
20220624
20220625
20220626
20220627
20220628
20220629
20220630
20220701
20220702
20220703
20220704
20220705
20220706
20220707
20220708
20220709
20220710
20220711
20220712
20220713
20220714
20220715
20220716
20220717
20220718
20220719
20220720
20220721
20220722
20220723
20220724
20220725
20220726
20220727
20220728
20220729
20220730
20220731
20220801
20220802
20220803
20220804
20220805
20220806
20220807
20220808
20220809
20220810
20220811
20220812
20220813
20220814
20220815
20220816
20220817
20220818
20220819
20220820
20220821
20220822
20220823
20220824
20220825
20220826
20220827
20220828
20220829
20220830
20220831
20220901
20220902

## 물품 2023년 (101일 누락)
20230524
20230525
20230526
20230527
20230528
20230529
20230530
20230531
20230601
20230602
20230603
20230604
20230605
20230606
20230607
20230608
20230609
20230610
20230611
20230612
20230613
20230614
20230615
20230616
20230617
20230618
20230619
20230620
20230621
20230622
20230623
20230624
20230625
20230626
20230627
20230628
20230629
20230630
20230701
20230702
20230703
20230704
20230705
20230706
20230707
20230708
20230709
20230710
20230711
20230712
20230713
20230714
20230715
20230716
20230717
20230718
20230719
20230720
20230721
20230722
20230723
20230724
20230725
20230726
20230727
20230728
20230729
20230730
20230731
20230801
20230802
20230803
20230804
20230805
20230806
20230807
20230808
20230809
20230810
20230811
20230812
20230813
20230814
20230815
20230816
20230817
20230818
20230819
20230820
20230821
20230822
20230823
20230824
20230825
20230826
20230827
20230828
20230829
20230830
20230831
20230901

## 물품 2024년 (112일 누락)
20240524
20240525
20240526
20240527
20240528
20240529
20240530
20240531
20240601
20240602
20240603
20240604
20240605
20240606
20240607
20240608
20240609
20240610
20240611
20240612
20240613
20240614
20240615
20240616
20240617
20240618
20240619
20240620
20240621
20240622
20240623
20240624
20240625
20240626
20240627
20240628
20240629
20240630
20240701
20240702
20240703
20240704
20240705
20240706
20240707
20240708
20240709
20240710
20240711
20240712
20240713
20240714
20240715
20240716
20240717
20240718
20240719
20240720
20240721
20240722
20240723
20240724
20240725
20240726
20240727
20240728
20240729
20240730
20240731
20240801
20240802
20240803
20240804
20240805
20240806
20240807
20240808
20240809
20240810
20240811
20240812
20240813
20240814
20240815
20240816
20240817
20240818
20240819
20240820
20240821
20240822
20240823
20240824
20240825
20240826
20240827
20240828
20240829
20240830
20240831
20240901
20240902
20240903
20240904
20240905
20240906
20240907
20240908
20240909
20240910
20240911
20240912

## 물품 2025년 (113일 누락)
20250530
20250531
20250601
20250602
20250603
20250604
20250605
20250606
20250607
20250608
20250609
20250610
20250611
20250612
20250613
20250614
20250615
20250616
20250617
20250618
20250619
20250620
20250621
20250622
20250623
20250624
20250625
20250626
20250627
20250628
20250629
20250630
20250701
20250702
20250703
20250704
20250705
20250706
20250707
20250708
20250709
20250710
20250711
20250712
20250713
20250714
20250715
20250716
20250717
20250718
20250719
20250720
20250721
20250722
20250723
20250724
20250725
20250726
20250727
20250728
20250729
20250730
20250731
20250801
20250802
20250803
20250804
20250805
20250806
20250807
20250808
20250809
20250810
20250811
20250812
20250813
20250814
20250815
20250816
20250817
20250818
20250819
20250820
20250821
20250822
20250823
20250824
20250825
20250826
20250827
20250828
20250829
20250830
20250831
20250901
20250902
20250903
20250904
20250905
20250906
20250907
20250908
20250909
20250910
20250911
20250912
20250913
20250914
20250915
20250916
20250917
20250918
20250919

## 외자 2010년 (61일 누락)
20100104
20101102
20101103
20101104
20101105
20101106
20101107
20101108
20101109
20101110
20101111
20101112
20101113
20101114
20101115
20101116
20101117
20101118
20101119
20101120
20101121
20101122
20101123
20101124
20101125
20101126
20101127
20101128
20101129
20101130
20101201
20101202
20101203
20101204
20101205
20101206
20101207
20101208
20101209
20101210
20101211
20101212
20101213
20101214
20101215
20101216
20101217
20101218
20101219
20101220
20101221
20101222
20101223
20101224
20101225
20101226
20101227
20101228
20101229
20101230
20101231

## 외자 2011년 (67일 누락)
20110103
20111027
20111028
20111029
20111030
20111031
20111101
20111102
20111103
20111104
20111105
20111106
20111107
20111108
20111109
20111110
20111111
20111112
20111113
20111114
20111115
20111116
20111117
20111118
20111119
20111120
20111121
20111122
20111123
20111124
20111125
20111126
20111127
20111128
20111129
20111130
20111201
20111202
20111203
20111204
20111205
20111206
20111207
20111208
20111209
20111210
20111211
20111212
20111213
20111214
20111215
20111216
20111217
20111218
20111219
20111220
20111221
20111222
20111223
20111224
20111225
20111226
20111227
20111228
20111229
20111230
20111231

## 외자 2012년 (48일 누락)
20120102
20121115
20121116
20121117
20121118
20121119
20121120
20121121
20121122
20121123
20121124
20121125
20121126
20121127
20121128
20121129
20121130
20121201
20121202
20121203
20121204
20121205
20121206
20121207
20121208
20121209
20121210
20121211
20121212
20121213
20121214
20121215
20121216
20121217
20121218
20121219
20121220
20121221
20121222
20121223
20121224
20121225
20121226
20121227
20121228
20121229
20121230
20121231

## 외자 2013년 (59일 누락)
20130102
20131104
20131105
20131106
20131107
20131108
20131109
20131110
20131111
20131112
20131113
20131114
20131115
20131116
20131117
20131118
20131119
20131120
20131121
20131122
20131123
20131124
20131125
20131126
20131127
20131128
20131129
20131130
20131201
20131202
20131203
20131204
20131205
20131206
20131207
20131208
20131209
20131210
20131211
20131212
20131213
20131214
20131215
20131216
20131217
20131218
20131219
20131220
20131221
20131222
20131223
20131224
20131225
20131226
20131227
20131228
20131229
20131230
20131231

## 외자 2014년 (31일 누락)
20140103
20141202
20141203
20141204
20141205
20141206
20141207
20141208
20141209
20141210
20141211
20141212
20141213
20141214
20141215
20141216
20141217
20141218
20141219
20141220
20141221
20141222
20141223
20141224
20141225
20141226
20141227
20141228
20141229
20141230
20141231

## 외자 2015년 (50일 누락)
20150102
20151113
20151114
20151115
20151116
20151117
20151118
20151119
20151120
20151121
20151122
20151123
20151124
20151125
20151126
20151127
20151128
20151129
20151130
20151201
20151202
20151203
20151204
20151205
20151206
20151207
20151208
20151209
20151210
20151211
20151212
20151213
20151214
20151215
20151216
20151217
20151218
20151219
20151220
20151221
20151222
20151223
20151224
20151225
20151226
20151227
20151228
20151229
20151230
20151231

## 외자 2016년 (47일 누락)
20160104
20161116
20161117
20161118
20161119
20161120
20161121
20161122
20161123
20161124
20161125
20161126
20161127
20161128
20161129
20161130
20161201
20161202
20161203
20161204
20161205
20161206
20161207
20161208
20161209
20161210
20161211
20161212
20161213
20161214
20161215
20161216
20161217
20161218
20161219
20161220
20161221
20161222
20161223
20161224
20161225
20161226
20161227
20161228
20161229
20161230
20161231

## 외자 2017년 (61일 누락)
20170102
20171102
20171103
20171104
20171105
20171106
20171107
20171108
20171109
20171110
20171111
20171112
20171113
20171114
20171115
20171116
20171117
20171118
20171119
20171120
20171121
20171122
20171123
20171124
20171125
20171126
20171127
20171128
20171129
20171130
20171201
20171202
20171203
20171204
20171205
20171206
20171207
20171208
20171209
20171210
20171211
20171212
20171213
20171214
20171215
20171216
20171217
20171218
20171219
20171220
20171221
20171222
20171223
20171224
20171225
20171226
20171227
20171228
20171229
20171230
20171231

## 외자 2018년 (61일 누락)
20180102
20181102
20181103
20181104
20181105
20181106
20181107
20181108
20181109
20181110
20181111
20181112
20181113
20181114
20181115
20181116
20181117
20181118
20181119
20181120
20181121
20181122
20181123
20181124
20181125
20181126
20181127
20181128
20181129
20181130
20181201
20181202
20181203
20181204
20181205
20181206
20181207
20181208
20181209
20181210
20181211
20181212
20181213
20181214
20181215
20181216
20181217
20181218
20181219
20181220
20181221
20181222
20181223
20181224
20181225
20181226
20181227
20181228
20181229
20181230
20181231

## 외자 2019년 (56일 누락)
20190102
20191107
20191108
20191109
20191110
20191111
20191112
20191113
20191114
20191115
20191116
20191117
20191118
20191119
20191120
20191121
20191122
20191123
20191124
20191125
20191126
20191127
20191128
20191129
20191130
20191201
20191202
20191203
20191204
20191205
20191206
20191207
20191208
20191209
20191210
20191211
20191212
20191213
20191214
20191215
20191216
20191217
20191218
20191219
20191220
20191221
20191222
20191223
20191224
20191225
20191226
20191227
20191228
20191229
20191230
20191231

## 외자 2020년 (61일 누락)
20200102
20201102
20201103
20201104
20201105
20201106
20201107
20201108
20201109
20201110
20201111
20201112
20201113
20201114
20201115
20201116
20201117
20201118
20201119
20201120
20201121
20201122
20201123
20201124
20201125
20201126
20201127
20201128
20201129
20201130
20201201
20201202
20201203
20201204
20201205
20201206
20201207
20201208
20201209
20201210
20201211
20201212
20201213
20201214
20201215
20201216
20201217
20201218
20201219
20201220
20201221
20201222
20201223
20201224
20201225
20201226
20201227
20201228
20201229
20201230
20201231

## 외자 2021년 (58일 누락)
20210104
20211105
20211106
20211107
20211108
20211109
20211110
20211111
20211112
20211113
20211114
20211115
20211116
20211117
20211118
20211119
20211120
20211121
20211122
20211123
20211124
20211125
20211126
20211127
20211128
20211129
20211130
20211201
20211202
20211203
20211204
20211205
20211206
20211207
20211208
20211209
20211210
20211211
20211212
20211213
20211214
20211215
20211216
20211217
20211218
20211219
20211220
20211221
20211222
20211223
20211224
20211225
20211226
20211227
20211228
20211229
20211230
20211231

## 외자 2022년 (41일 누락)
20220103
20221122
20221123
20221124
20221125
20221126
20221127
20221128
20221129
20221130
20221201
20221202
20221203
20221204
20221205
20221206
20221207
20221208
20221209
20221210
20221211
20221212
20221213
20221214
20221215
20221216
20221217
20221218
20221219
20221220
20221221
20221222
20221223
20221224
20221225
20221226
20221227
20221228
20221229
20221230
20221231

## 외자 2023년 (49일 누락)
20230103
20231114
20231115
20231116
20231117
20231118
20231119
20231120
20231121
20231122
20231123
20231124
20231125
20231126
20231127
20231128
20231129
20231130
20231201
20231202
20231203
20231204
20231205
20231206
20231207
20231208
20231209
20231210
20231211
20231212
20231213
20231214
20231215
20231216
20231217
20231218
20231219
20231220
20231221
20231222
20231223
20231224
20231225
20231226
20231227
20231228
20231229
20231230
20231231

## 외자 2024년 (37일 누락)
20240103
20241126
20241127
20241128
20241129
20241130
20241201
20241202
20241203
20241204
20241205
20241206
20241207
20241208
20241209
20241210
20241211
20241212
20241213
20241214
20241215
20241216
20241217
20241218
20241219
20241220
20241221
20241222
20241223
20241224
20241225
20241226
20241227
20241228
20241229
20241230
20241231

## 외자 2025년 (29일 누락)
20251203
20251204
20251205
20251206
20251207
20251208
20251209
20251210
20251211
20251212
20251213
20251214
20251215
20251216
20251217
20251218
20251219
20251220
20251221
20251222
20251223
20251224
20251225
20251226
20251227
20251228
20251229
20251230
20251231

## 외자 2026년 (1일 누락)
20260102

## 용역 2010년 (117일 누락)
20100519
20100520
20100521
20100522
20100523
20100524
20100525
20100526
20100527
20100528
20100529
20100530
20100531
20100601
20100602
20100603
20100604
20100605
20100606
20100607
20100608
20100609
20100610
20100611
20100612
20100613
20100614
20100615
20100616
20100617
20100618
20100619
20100620
20100621
20100622
20100623
20100624
20100625
20100626
20100627
20100628
20100629
20100630
20100701
20100702
20100703
20100704
20100705
20100706
20100707
20100708
20100709
20100710
20100711
20100712
20100713
20100714
20100715
20100716
20100717
20100718
20100719
20100720
20100721
20100722
20100723
20100724
20100725
20100726
20100727
20100728
20100729
20100730
20100731
20100801
20100802
20100803
20100804
20100805
20100806
20100807
20100808
20100809
20100810
20100811
20100812
20100813
20100814
20100815
20100816
20100817
20100818
20100819
20100820
20100821
20100822
20100823
20100824
20100825
20100826
20100827
20100828
20100829
20100830
20100831
20100901
20100902
20100903
20100904
20100905
20100906
20100907
20100908
20100909
20100910
20100911
20100912

## 용역 2011년 (116일 누락)
20110512
20110513
20110514
20110515
20110516
20110517
20110518
20110519
20110520
20110521
20110522
20110523
20110524
20110525
20110526
20110527
20110528
20110529
20110530
20110531
20110601
20110602
20110603
20110604
20110605
20110606
20110607
20110608
20110609
20110610
20110611
20110612
20110613
20110614
20110615
20110616
20110617
20110618
20110619
20110620
20110621
20110622
20110623
20110624
20110625
20110626
20110627
20110628
20110629
20110630
20110701
20110702
20110703
20110704
20110705
20110706
20110707
20110708
20110709
20110710
20110711
20110712
20110713
20110714
20110715
20110716
20110717
20110718
20110719
20110720
20110721
20110722
20110723
20110724
20110725
20110726
20110727
20110728
20110729
20110730
20110731
20110801
20110802
20110803
20110804
20110805
20110806
20110807
20110808
20110809
20110810
20110811
20110812
20110813
20110814
20110815
20110816
20110817
20110818
20110819
20110820
20110821
20110822
20110823
20110824
20110825
20110826
20110827
20110828
20110829
20110830
20110831
20110901
20110902
20110903
20110904

## 용역 2012년 (110일 누락)
20120507
20120508
20120509
20120510
20120511
20120512
20120513
20120514
20120515
20120516
20120517
20120518
20120519
20120520
20120521
20120522
20120523
20120524
20120525
20120526
20120527
20120528
20120529
20120530
20120531
20120601
20120602
20120603
20120604
20120605
20120606
20120607
20120608
20120609
20120610
20120611
20120612
20120613
20120614
20120615
20120616
20120617
20120618
20120619
20120620
20120621
20120622
20120623
20120624
20120625
20120626
20120627
20120628
20120629
20120630
20120701
20120702
20120703
20120704
20120705
20120706
20120707
20120708
20120709
20120710
20120711
20120712
20120713
20120714
20120715
20120716
20120717
20120718
20120719
20120720
20120721
20120722
20120723
20120724
20120725
20120726
20120727
20120728
20120729
20120730
20120731
20120801
20120802
20120803
20120804
20120805
20120806
20120807
20120808
20120809
20120810
20120811
20120812
20120813
20120814
20120815
20120816
20120817
20120818
20120819
20120820
20120821
20120822
20120823
20120824

## 용역 2013년 (117일 누락)
20130501
20130502
20130503
20130504
20130505
20130506
20130507
20130508
20130509
20130510
20130511
20130512
20130513
20130514
20130515
20130516
20130517
20130518
20130519
20130520
20130521
20130522
20130523
20130524
20130525
20130526
20130527
20130528
20130529
20130530
20130531
20130601
20130602
20130603
20130604
20130605
20130606
20130607
20130608
20130609
20130610
20130611
20130612
20130613
20130614
20130615
20130616
20130617
20130618
20130619
20130620
20130621
20130622
20130623
20130624
20130625
20130626
20130627
20130628
20130629
20130630
20130701
20130702
20130703
20130704
20130705
20130706
20130707
20130708
20130709
20130710
20130711
20130712
20130713
20130714
20130715
20130716
20130717
20130718
20130719
20130720
20130721
20130722
20130723
20130724
20130725
20130726
20130727
20130728
20130729
20130730
20130731
20130801
20130802
20130803
20130804
20130805
20130806
20130807
20130808
20130809
20130810
20130811
20130812
20130813
20130814
20130815
20130816
20130817
20130818
20130819
20130820
20130821
20130822
20130823
20130824
20130825

## 용역 2014년 (121일 누락)
20140508
20140509
20140510
20140511
20140512
20140513
20140514
20140515
20140516
20140517
20140518
20140519
20140520
20140521
20140522
20140523
20140524
20140525
20140526
20140527
20140528
20140529
20140530
20140531
20140601
20140602
20140603
20140604
20140605
20140606
20140607
20140608
20140609
20140610
20140611
20140612
20140613
20140614
20140615
20140616
20140617
20140618
20140619
20140620
20140621
20140622
20140623
20140624
20140625
20140626
20140627
20140628
20140629
20140630
20140701
20140702
20140703
20140704
20140705
20140706
20140707
20140708
20140709
20140710
20140711
20140712
20140713
20140714
20140715
20140716
20140717
20140718
20140719
20140720
20140721
20140722
20140723
20140724
20140725
20140726
20140727
20140728
20140729
20140730
20140731
20140801
20140802
20140803
20140804
20140805
20140806
20140807
20140808
20140809
20140810
20140811
20140812
20140813
20140814
20140815
20140816
20140817
20140818
20140819
20140820
20140821
20140822
20140823
20140824
20140825
20140826
20140827
20140828
20140829
20140830
20140831
20140901
20140902
20140903
20140904
20140905

## 용역 2015년 (129일 누락)
20150505
20150506
20150507
20150508
20150509
20150510
20150511
20150512
20150513
20150514
20150515
20150516
20150517
20150518
20150519
20150520
20150521
20150522
20150523
20150524
20150525
20150526
20150527
20150528
20150529
20150530
20150531
20150601
20150602
20150603
20150604
20150605
20150606
20150607
20150608
20150609
20150610
20150611
20150612
20150613
20150614
20150615
20150616
20150617
20150618
20150619
20150620
20150621
20150622
20150623
20150624
20150625
20150626
20150627
20150628
20150629
20150630
20150701
20150702
20150703
20150704
20150705
20150706
20150707
20150708
20150709
20150710
20150711
20150712
20150713
20150714
20150715
20150716
20150717
20150718
20150719
20150720
20150721
20150722
20150723
20150724
20150725
20150726
20150727
20150728
20150729
20150730
20150731
20150801
20150802
20150803
20150804
20150805
20150806
20150807
20150808
20150809
20150810
20150811
20150812
20150813
20150814
20150815
20150816
20150817
20150818
20150819
20150820
20150821
20150822
20150823
20150824
20150825
20150826
20150827
20150828
20150829
20150830
20150831
20150901
20150902
20150903
20150904
20150905
20150906
20150907
20150908
20150909
20150910

## 용역 2016년 (125일 누락)
20160430
20160501
20160502
20160503
20160504
20160505
20160506
20160507
20160508
20160509
20160510
20160511
20160512
20160513
20160514
20160515
20160516
20160517
20160518
20160519
20160520
20160521
20160522
20160523
20160524
20160525
20160526
20160527
20160528
20160529
20160530
20160531
20160601
20160602
20160603
20160604
20160605
20160606
20160607
20160608
20160609
20160610
20160611
20160612
20160613
20160614
20160615
20160616
20160617
20160618
20160619
20160620
20160621
20160622
20160623
20160624
20160625
20160626
20160627
20160628
20160629
20160630
20160701
20160702
20160703
20160704
20160705
20160706
20160707
20160708
20160709
20160710
20160711
20160712
20160713
20160714
20160715
20160716
20160717
20160718
20160719
20160720
20160721
20160722
20160723
20160724
20160725
20160726
20160727
20160728
20160729
20160730
20160731
20160801
20160802
20160803
20160804
20160805
20160806
20160807
20160808
20160809
20160810
20160811
20160812
20160813
20160814
20160815
20160816
20160817
20160818
20160819
20160820
20160821
20160822
20160823
20160824
20160825
20160826
20160827
20160828
20160829
20160830
20160831
20160901

## 용역 2017년 (115일 누락)
20170502
20170503
20170504
20170505
20170506
20170507
20170508
20170509
20170510
20170511
20170512
20170513
20170514
20170515
20170516
20170517
20170518
20170519
20170520
20170521
20170522
20170523
20170524
20170525
20170526
20170527
20170528
20170529
20170530
20170531
20170601
20170602
20170603
20170604
20170605
20170606
20170607
20170608
20170609
20170610
20170611
20170612
20170613
20170614
20170615
20170616
20170617
20170618
20170619
20170620
20170621
20170622
20170623
20170624
20170625
20170626
20170627
20170628
20170629
20170630
20170701
20170702
20170703
20170704
20170705
20170706
20170707
20170708
20170709
20170710
20170711
20170712
20170713
20170714
20170715
20170716
20170717
20170718
20170719
20170720
20170721
20170722
20170723
20170724
20170725
20170726
20170727
20170728
20170729
20170730
20170731
20170801
20170802
20170803
20170804
20170805
20170806
20170807
20170808
20170809
20170810
20170811
20170812
20170813
20170814
20170815
20170816
20170817
20170818
20170819
20170820
20170821
20170822
20170823
20170824

## 용역 2018년 (119일 누락)
20180501
20180502
20180503
20180504
20180505
20180506
20180507
20180508
20180509
20180510
20180511
20180512
20180513
20180514
20180515
20180516
20180517
20180518
20180519
20180520
20180521
20180522
20180523
20180524
20180525
20180526
20180527
20180528
20180529
20180530
20180531
20180601
20180602
20180603
20180604
20180605
20180606
20180607
20180608
20180609
20180610
20180611
20180612
20180613
20180614
20180615
20180616
20180617
20180618
20180619
20180620
20180621
20180622
20180623
20180624
20180625
20180626
20180627
20180628
20180629
20180630
20180701
20180702
20180703
20180704
20180705
20180706
20180707
20180708
20180709
20180710
20180711
20180712
20180713
20180714
20180715
20180716
20180717
20180718
20180719
20180720
20180721
20180722
20180723
20180724
20180725
20180726
20180727
20180728
20180729
20180730
20180731
20180801
20180802
20180803
20180804
20180805
20180806
20180807
20180808
20180809
20180810
20180811
20180812
20180813
20180814
20180815
20180816
20180817
20180818
20180819
20180820
20180821
20180822
20180823
20180824
20180825
20180826
20180827

## 용역 2019년 (123일 누락)
20190430
20190501
20190502
20190503
20190504
20190505
20190506
20190507
20190508
20190509
20190510
20190511
20190512
20190513
20190514
20190515
20190516
20190517
20190518
20190519
20190520
20190521
20190522
20190523
20190524
20190525
20190526
20190527
20190528
20190529
20190530
20190531
20190601
20190602
20190603
20190604
20190605
20190606
20190607
20190608
20190609
20190610
20190611
20190612
20190613
20190614
20190615
20190616
20190617
20190618
20190619
20190620
20190621
20190622
20190623
20190624
20190625
20190626
20190627
20190628
20190629
20190630
20190701
20190702
20190703
20190704
20190705
20190706
20190707
20190708
20190709
20190710
20190711
20190712
20190713
20190714
20190715
20190716
20190717
20190718
20190719
20190720
20190721
20190722
20190723
20190724
20190725
20190726
20190727
20190728
20190729
20190730
20190731
20190801
20190802
20190803
20190804
20190805
20190806
20190807
20190808
20190809
20190810
20190811
20190812
20190813
20190814
20190815
20190816
20190817
20190818
20190819
20190820
20190821
20190822
20190823
20190824
20190825
20190826
20190827
20190828
20190829
20190830

## 용역 2020년 (107일 누락)
20200430
20200501
20200502
20200503
20200504
20200505
20200506
20200507
20200508
20200509
20200510
20200511
20200512
20200513
20200514
20200515
20200516
20200517
20200518
20200519
20200520
20200521
20200522
20200523
20200524
20200525
20200526
20200527
20200528
20200529
20200530
20200531
20200601
20200602
20200603
20200604
20200605
20200606
20200607
20200608
20200609
20200610
20200611
20200612
20200613
20200614
20200615
20200616
20200617
20200618
20200619
20200620
20200621
20200622
20200623
20200624
20200625
20200626
20200627
20200628
20200629
20200630
20200701
20200702
20200703
20200704
20200705
20200706
20200707
20200708
20200709
20200710
20200711
20200712
20200713
20200714
20200715
20200716
20200717
20200718
20200719
20200720
20200721
20200722
20200723
20200724
20200725
20200726
20200727
20200728
20200729
20200730
20200731
20200801
20200802
20200803
20200804
20200805
20200806
20200807
20200808
20200809
20200810
20200811
20200812
20200813
20200814

## 용역 2021년 (119일 누락)
20210504
20210505
20210506
20210507
20210508
20210509
20210510
20210511
20210512
20210513
20210514
20210515
20210516
20210517
20210518
20210519
20210520
20210521
20210522
20210523
20210524
20210525
20210526
20210527
20210528
20210529
20210530
20210531
20210601
20210602
20210603
20210604
20210605
20210606
20210607
20210608
20210609
20210610
20210611
20210612
20210613
20210614
20210615
20210616
20210617
20210618
20210619
20210620
20210621
20210622
20210623
20210624
20210625
20210626
20210627
20210628
20210629
20210630
20210701
20210702
20210703
20210704
20210705
20210706
20210707
20210708
20210709
20210710
20210711
20210712
20210713
20210714
20210715
20210716
20210717
20210718
20210719
20210720
20210721
20210722
20210723
20210724
20210725
20210726
20210727
20210728
20210729
20210730
20210731
20210801
20210802
20210803
20210804
20210805
20210806
20210807
20210808
20210809
20210810
20210811
20210812
20210813
20210814
20210815
20210816
20210817
20210818
20210819
20210820
20210821
20210822
20210823
20210824
20210825
20210826
20210827
20210828
20210829
20210830

## 용역 2022년 (134일 누락)
20220506
20220507
20220508
20220509
20220510
20220511
20220512
20220513
20220514
20220515
20220516
20220517
20220518
20220519
20220520
20220521
20220522
20220523
20220524
20220525
20220526
20220527
20220528
20220529
20220530
20220531
20220601
20220602
20220603
20220604
20220605
20220606
20220607
20220608
20220609
20220610
20220611
20220612
20220613
20220614
20220615
20220616
20220617
20220618
20220619
20220620
20220621
20220622
20220623
20220624
20220625
20220626
20220627
20220628
20220629
20220630
20220701
20220702
20220703
20220704
20220705
20220706
20220707
20220708
20220709
20220710
20220711
20220712
20220713
20220714
20220715
20220716
20220717
20220718
20220719
20220720
20220721
20220722
20220723
20220724
20220725
20220726
20220727
20220728
20220729
20220730
20220731
20220801
20220802
20220803
20220804
20220805
20220806
20220807
20220808
20220809
20220810
20220811
20220812
20220813
20220814
20220815
20220816
20220817
20220818
20220819
20220820
20220821
20220822
20220823
20220824
20220825
20220826
20220827
20220828
20220829
20220830
20220831
20220901
20220902
20220903
20220904
20220905
20220906
20220907
20220908
20220909
20220910
20220911
20220912
20220913
20220914
20220915
20220916

## 용역 2023년 (116일 누락)
20230507
20230508
20230509
20230510
20230511
20230512
20230513
20230514
20230515
20230516
20230517
20230518
20230519
20230520
20230521
20230522
20230523
20230524
20230525
20230526
20230527
20230528
20230529
20230530
20230531
20230601
20230602
20230603
20230604
20230605
20230606
20230607
20230608
20230609
20230610
20230611
20230612
20230613
20230614
20230615
20230616
20230617
20230618
20230619
20230620
20230621
20230622
20230623
20230624
20230625
20230626
20230627
20230628
20230629
20230630
20230701
20230702
20230703
20230704
20230705
20230706
20230707
20230708
20230709
20230710
20230711
20230712
20230713
20230714
20230715
20230716
20230717
20230718
20230719
20230720
20230721
20230722
20230723
20230724
20230725
20230726
20230727
20230728
20230729
20230730
20230731
20230801
20230802
20230803
20230804
20230805
20230806
20230807
20230808
20230809
20230810
20230811
20230812
20230813
20230814
20230815
20230816
20230817
20230818
20230819
20230820
20230821
20230822
20230823
20230824
20230825
20230826
20230827
20230828
20230829
20230830

## 용역 2024년 (125일 누락)
20240506
20240507
20240508
20240509
20240510
20240511
20240512
20240513
20240514
20240515
20240516
20240517
20240518
20240519
20240520
20240521
20240522
20240523
20240524
20240525
20240526
20240527
20240528
20240529
20240530
20240531
20240601
20240602
20240603
20240604
20240605
20240606
20240607
20240608
20240609
20240610
20240611
20240612
20240613
20240614
20240615
20240616
20240617
20240618
20240619
20240620
20240621
20240622
20240623
20240624
20240625
20240626
20240627
20240628
20240629
20240630
20240701
20240702
20240703
20240704
20240705
20240706
20240707
20240708
20240709
20240710
20240711
20240712
20240713
20240714
20240715
20240716
20240717
20240718
20240719
20240720
20240721
20240722
20240723
20240724
20240725
20240726
20240727
20240728
20240729
20240730
20240731
20240801
20240802
20240803
20240804
20240805
20240806
20240807
20240808
20240809
20240810
20240811
20240812
20240813
20240814
20240815
20240816
20240817
20240818
20240819
20240820
20240821
20240822
20240823
20240824
20240825
20240826
20240827
20240828
20240829
20240830
20240831
20240901
20240902
20240903
20240904
20240905
20240906
20240907

## 용역 2025년 (107일 누락)
20250501
20250502
20250503
20250504
20250505
20250506
20250507
20250508
20250509
20250510
20250511
20250512
20250513
20250514
20250515
20250516
20250517
20250518
20250519
20250520
20250521
20250522
20250523
20250524
20250525
20250526
20250527
20250528
20250529
20250530
20250531
20250601
20250602
20250603
20250604
20250605
20250606
20250607
20250608
20250609
20250610
20250611
20250612
20250613
20250614
20250615
20250616
20250617
20250618
20250619
20250620
20250621
20250622
20250623
20250624
20250625
20250626
20250627
20250628
20250629
20250630
20250701
20250702
20250703
20250704
20250705
20250706
20250707
20250708
20250709
20250710
20250711
20250712
20250713
20250714
20250715
20250716
20250717
20250718
20250719
20250720
20250721
20250722
20250723
20250724
20250725
20250726
20250727
20250728
20250729
20250730
20250731
20250801
20250802
20250803
20250804
20250805
20250806
20250807
20250808
20250809
20250810
20250811
20250812
20250813
20250814
20250815

