순위,사업자 등록번호,업체명,대표,경쟁사 분석,투찰금액,예가대비 투찰률(%),기초대비 투찰률(%),기초대비 사정률(%),추첨번호,투찰일시,비고
1,1068157019,(주)세호영상,박석신,분석,24776000,87.745,86.192,-1.76947 (98.23053),10 2,2016/04/11 14:48:11,
2,1088142910,주식회사 세온이엠에스,조상현,분석,24777405,87.75,86.197,-1.76390 (98.2361),13 11,2016/04/11 09:11:25,
3,1138620077,주식회사 애니퓨쳐텍,정영석,분석,24778200,87.753,86.2,-1.76075 (98.23925),14 6,2016/04/11 17:50:11,
4,2118606665,(주)화인전설,이순희,분석,24778550,87.754,86.201,-1.75936 (98.24064),3 7,2016/04/11 21:55:57,
5,2108170441,주식회사 에이원아이티,김진성,분석,24778600,87.754,86.201,-1.75916 (98.24084),13 12,2016/04/11 09:49:04,
6,1048120291,청음통신 주식회사,임광희,분석,24778800,87.755,86.202,-1.75837 (98.24163),12 1,2016/04/12 09:41:45,
7,1138618964,주식회사 에스엠플러스정보통신,왕성모,분석,24778917,87.756,86.202,-1.75791 (98.24209),13 6,2016/04/12 07:23:58,
8,1108103322,광일통신(주),박병선,분석,24779625,87.758,86.204,-1.75510 (98.2449),9 11,2016/04/10 13:02:54,
9,2158768281,태일정보시스템(주),이미자,분석,24779630,87.758,86.205,-1.75508 (98.24492),5 14,2016/04/11 09:24:20,
10,1018143596,부기테크(주),은철우,분석,24780400,87.761,86.207,-1.75203 (98.24797),15 12,2016/04/12 09:24:46,
11,2178121937,부광이앤씨 주식회사,정동국,분석,24780583,87.761,86.208,-1.75130 (98.2487),6 4,2016/04/12 09:34:15,
12,2048161869,(주)근영이엔씨,이성영,분석,24780633,87.762,86.208,-1.75110 (98.2489),9 2,2016/04/11 09:57:55,
13,2208104031,(주)율전이앤씨,강신무,분석,24781333,87.764,86.21,-1.74833 (98.25167),1 13,2016/04/11 14:42:07,
14,1118129252,광원전설(주),김영선,분석,24781907,87.766,86.212,-1.74605 (98.25395),10 7,2016/04/12 09:55:24,
15,1198192370,(주)신관산업,이철재,분석,24782000,87.766,86.213,-1.74568 (98.25432),3 15,2016/04/12 09:21:17,
16,2168100638,원흥전설(주),이제호,분석,24782290,87.767,86.214,-1.74453 (98.25547),3 14,2016/04/11 14:00:21,
17,1078803515,주식회사 해피텔레콤,이병욱,분석,24782370,87.768,86.214,-1.74422 (98.25578),8 2,2016/04/12 09:57:57,
18,1078156541,한국네트웍엔지니어링 주식회사,김해홍,분석,24782900,87.77,86.216,-1.74212 (98.25788),4 9,2016/04/11 10:13:56,
19,2158171237,(주)모빌텍,오승환,분석,24782903,87.77,86.216,-1.74210 (98.2579),8 6,2016/04/12 08:11:59,
20,1138159301,삼인제어시스템 주식회사,최민성,분석,24783970,87.773,86.22,-1.73787 (98.26213),14 3,2016/04/12 09:14:50,
21,2048185084,에스에이씨티주식회사,박영철,분석,24785273,87.778,86.224,-1.73271 (98.26729),3 12,2016/04/11 09:51:09,
22,1048157783,(주)서울정보컴,고응준,분석,24786812,87.783,86.229,-1.72661 (98.27339),1 13,2016/04/11 14:40:38,
23,1068604157,주식회사 넥시스정보,오세후,분석,24787060,87.784,86.23,-1.72562 (98.27438),9 12,2016/04/12 08:49:54,
24,1208711248,(주)제이에이네트웍스,변성암,분석,24787540,87.786,86.232,-1.72372 (98.27628),7 5,2016/04/11 12:03:12,
25,2158630809,주식회사 파이널위즈,곽관남,분석,24788600,87.79,86.236,-1.71952 (98.28048),12 11,2016/04/11 06:56:24,
26,1088155278,금하개발(주),김채모,분석,24789300,87.792,86.238,-1.71674 (98.28326),1 15,2016/04/11 16:06:08,
27,2208151999,현대통신(주),이건구,분석,24789700,87.794,86.24,-1.71515 (98.28485),3 14,2016/04/12 09:43:37,
28,2037683508,우리통신네트워크,김만수,분석,24789920,87.794,86.24,-1.71428 (98.28572),9 14,2016/04/11 18:27:13,
29,2068629138,(주)하나윈정보기술,도수현,분석,24790016,87.795,86.241,-1.71390 (98.2861),6 10,2016/04/12 08:03:26,
30,1058674193,(주)다인트론,서선동,분석,24790820,87.798,86.243,-1.71071 (98.28929),12 4,2016/04/12 07:52:51,
31,1018639665,(주)한양인프라넷,김주호,분석,24791000,87.798,86.244,-1.71000 (98.29),9 15,2016/04/11 16:22:04,
32,1118128082,(주)디투엔지니어링,김낙경,분석,24795220,87.813,86.259,-1.69327 (98.30673),2 4,2016/04/12 09:43:10,
33,1078658471,우암정보통신(주),김정훈,분석,24795260,87.813,86.259,-1.69311 (98.30689),2 13,2016/04/11 09:05:07,
34,1078143707,(주)신창전기,홍성수,분석,24795338,87.814,86.259,-1.69280 (98.3072),14 11,2016/04/12 09:51:26,
35,1128118909,(주)한일종합산업,박준용,분석,24795600,87.815,86.26,-1.69176 (98.30824),3 8,2016/04/12 06:16:30,
36,2048635411,주식회사 화산에스티아이,이명재,분석,24795860,87.816,86.261,-1.69073 (98.30927),12 3,2016/04/11 13:48:14,
37,1198601520,주식회사 에스에이치아이앤씨,장덕진,분석,24796300,87.817,86.263,-1.68899 (98.31101),3 15,2016/04/11 14:29:46,
38,2148798098,주식회사 에이스뷰테크,김종오,분석,24796900,87.819,86.265,-1.68661 (98.31339),8 14,2016/04/11 09:52:12,
39,2138176895,주식회사 코젠,윤영근,분석,24797100,87.82,86.265,-1.68582 (98.31418),15 2,2016/04/11 18:10:50,
40,1178142651,주식회사 조은미디어,조태수,분석,24797632,87.822,86.267,-1.68371 (98.31629),3 12,2016/04/11 21:35:29,
41,1198168638,주식회사 연훈,박정호,분석,24798239,87.824,86.269,-1.68130 (98.3187),2 13,2016/04/12 06:30:05,
42,1018197466,주식회사콤위즈,정윤권,분석,24798240,87.824,86.269,-1.68130 (98.3187),15 14,2016/04/12 09:25:00,
43,1138175034,(주)윈플러스정보기술,정재원,분석,24798320,87.824,86.27,-1.68098 (98.31902),3 12,2016/04/12 00:32:09,
44,2048129194,위성이앤씨(주),김두태,분석,24798380,87.824,86.27,-1.68074 (98.31926),1 11,2016/04/11 10:56:06,
45,1208612783,주식회사 나오디지탈,안병후,분석,24798800,87.826,86.271,-1.67908 (98.32092),15 12,2016/04/11 09:36:14,
46,2148105563,(주)인성이엔씨,김규만,분석,24799852,87.83,86.275,-1.67490 (98.3251),12 6,2016/04/12 07:16:12,
47,1088607510,애드온스마트 주식회사,신승자,분석,24800160,87.831,86.276,-1.67368 (98.32632),10 11,2016/04/12 08:13:38,
48,1088193869,(주)동명텔레콤,김경은,분석,24800700,87.833,86.278,-1.67154 (98.32846),8 11,2016/04/11 16:26:14,
49,1198800016,주식회사 태영정보통신공사,김석주,분석,24801643,87.836,86.281,-1.66780 (98.3322),7 2,2016/04/11 15:58:49,
50,1138188709,오토링스 주식회사,강보훈,분석,24801920,87.837,86.282,-1.66671 (98.33329),1 11,2016/04/11 16:10:45,
51,1118126196,(주)광성통신,김성철,분석,24803002,87.841,86.286,-1.66242 (98.33758),10 3,2016/04/12 09:33:43,
52,2018603701,소성정보기술 (주),김금남,분석,24803198,87.841,86.286,-1.66164 (98.33836),13 15,2016/04/11 09:51:38,
53,1018144159,주식회사 넥선,박민호,분석,24803380,87.842,86.287,-1.66092 (98.33908),3 7,2016/04/11 11:05:20,
54,1178153920,엠에스원디지털 주식회사,엄종만,분석,24803400,87.842,86.287,-1.66084 (98.33916),4 1,2016/04/12 09:26:39,
55,2118850165,해음전기(주),김명은,분석,24805200,87.849,86.293,-1.65370 (98.3463),8 3,2016/04/11 22:39:08,
56,1068184554,(주)송화전기통신,고진홍,분석,24805600,87.85,86.295,-1.65212 (98.34788),4 1,2016/04/11 12:00:22,
57,2208691899,(주)한결아이앤씨,이상억,분석,24806000,87.851,86.296,-1.65053 (98.34947),12 13,2016/04/11 14:52:47,
58,1068612230,(주)사강통신,정일영,분석,24806010,87.851,86.296,-1.65049 (98.34951),11 2,2016/04/12 09:58:49,
59,2158171649,(주)삼삼통신기술,이성오,분석,24806380,87.853,86.298,-1.64902 (98.35098),11 12,2016/04/12 09:14:19,
60,1074968483,국제정보통신,조광자,분석,24806390,87.853,86.298,-1.64898 (98.35102),10 4,2016/04/11 16:15:09,
61,1018636275,노벨씨앤씨 주식회사,차준만,분석,24807340,87.856,86.301,-1.64522 (98.35478),2 12,2016/04/11 13:07:54,
62,1198153493,(주)경성네트웍,편해용,분석,24807840,87.858,86.303,-1.64323 (98.35677),4 8,2016/04/11 10:25:30,
63,2158633714,라이텍정보기술(주),정기종,분석,24807940,87.858,86.303,-1.64284 (98.35716),1 10,2016/04/12 05:20:26,
64,3148627936,주식회사 이에스플러스,이상집,분석,24808125,87.859,86.304,-1.64210 (98.3579),10 5,2016/04/12 09:25:10,
65,1058629723,(주)트리콤미디어,어기호,분석,24808470,87.86,86.305,-1.64074 (98.35926),7 5,2016/04/12 09:26:47,
66,1198678994,(주)제이티통신,이정태,분석,24809340,87.863,86.308,-1.63729 (98.36271),12 7,2016/04/12 07:28:36,
67,1138163445,주식회사 삼도통신,이정경,분석,24809600,87.864,86.309,-1.63626 (98.36374),12 1,2016/04/11 16:01:39,
68,2108139396,아이포콤주식회사,김영철,분석,24809990,87.866,86.31,-1.63471 (98.36529),12 13,2016/04/11 11:17:23,
69,2078141917,합자회사 대성전업상사,권기원,분석,24810554,87.868,86.312,-1.63247 (98.36753),8 3,2016/04/11 17:55:44,
70,1068679911,(주)효성정보통신,김도건,분석,24810970,87.869,86.314,-1.63082 (98.36918),14 9,2016/04/12 08:46:56,
71,1050296111,중앙전자통신,김용수,분석,24812640,87.875,86.319,-1.62420 (98.3758),2 7,2016/04/11 10:38:36,
72,2098119463,(주)두레정보통신,임창용,분석,24812760,87.875,86.32,-1.62373 (98.37627),14 15,2016/04/11 11:42:05,
73,2048174554,주식회사 창흥텔레콤,진경미,분석,24812800,87.876,86.32,-1.62357 (98.37643),2 13,2016/04/12 07:53:40,
74,1138141456,(주)나우아이앤씨,안남훈,분석,24812890,87.876,86.32,-1.62321 (98.37679),9 11,2016/04/11 15:06:45,
75,1078713433,(주)스마트게이트,김민우,분석,24813490,87.878,86.322,-1.62083 (98.37917),15 5,2016/04/11 13:10:10,
76,2118193336,(주)국제비엠에스,윤도선,분석,24813700,87.879,86.323,-1.62000 (98.38),5 11,2016/04/11 11:08:33,
77,1018176627,(주)엔터정보통신,이용구,분석,24815200,87.884,86.328,-1.61405 (98.38595),2 10,2016/04/11 13:34:07,
78,1068638093,(주)엘케이시스코,이기일,분석,24815515,87.885,86.329,-1.61280 (98.3872),4 2,2016/04/11 13:14:29,
79,1058179892,(주)지에스컴,김형호,분석,24815800,87.886,86.33,-1.61168 (98.38832),13 1,2016/04/11 10:03:28,
80,1208638328,주식회사 제이앤씨텔레콤,최경호,분석,24816000,87.887,86.331,-1.61088 (98.38912),11 12,2016/04/12 07:56:25,
81,1058729754,(주)영주시스템,김기현,분석,24816340,87.888,86.332,-1.60953 (98.39047),7 14,2016/04/12 09:25:44,
82,1138165384,(주)새서울개발,백승철,분석,24817100,87.891,86.335,-1.60652 (98.39348),2 4,2016/04/11 09:34:56,
83,2068165615,(주)아이커머,서정묵,분석,24817930,87.894,86.338,-1.60323 (98.39677),11 12,2016/04/12 09:19:05,
84,1068669164,주식회사 코인비엠에스,조효상,분석,24818163,87.894,86.339,-1.60231 (98.39769),4 6,2016/04/11 15:59:28,
85,1078128574,(주)대진정보텔레콤,경완수,분석,24818300,87.895,86.339,-1.60176 (98.39824),14 13,2016/04/11 10:46:13,
86,2128145574,콤시스(주),서경환,분석,24818450,87.896,86.34,-1.60117 (98.39883),5 13,2016/04/11 16:21:20,
87,1068672072,(주)브이아이티정보통신,강상욱,분석,24818560,87.896,86.34,-1.60073 (98.39927),4 11,2016/04/12 09:39:28,
88,1198133411,주식회사 나경이엔씨,윤원섭,분석,24818789,87.897,86.341,-1.59982 (98.40018),3 7,2016/04/11 15:39:09,
89,1068619761,(주) 한걸음정보통신,정진원,분석,24819650,87.9,86.344,-1.59641 (98.40359),7 13,2016/04/12 08:45:42,
90,1078667984,(주)알림시스템,김현자,분석,24819790,87.9,86.344,-1.59586 (98.40414),14 2,2016/04/11 12:58:31,
91,2068663169,(주)지엠케이정보통신,현익재,분석,24821000,87.905,86.348,-1.59106 (98.40894),10 1,2016/04/11 17:33:34,
92,2158693084,주식회사 온파워아이앤티,송종희,분석,24821900,87.908,86.352,-1.58749 (98.41251),3 2,2016/04/11 09:44:50,
93,2018634956,주식회사 신성전자통신,전용인,분석,24822174,87.909,86.353,-1.58640 (98.4136),9 14,2016/04/11 09:46:21,
94,2108108684,주식회사 대금이앤아이,김종우,분석,24822230,87.909,86.353,-1.58618 (98.41382),14 6,2016/04/11 14:54:15,
95,2208829991,주식회사 이노트리,김병근,분석,24822620,87.91,86.354,-1.58464 (98.41536),5 14,2016/04/11 09:48:51,
96,1148190678,(주)에드원텔레콤,김춘걸,분석,24824451,87.917,86.36,-1.57738 (98.42262),2 12,2016/04/11 19:11:13,
97,2158199031,한소리이앤씨주식회사,전화진,분석,24825950,87.922,86.366,-1.57143 (98.42857),5 8,2016/04/11 14:40:39,
97,4318600057,주식회사 엘제이텍,임재우,분석,24825950,87.922,86.366,-1.57143 (98.42857),14 5,2016/04/12 09:33:47,
99,1318174028,"주식회사 에이치케이 (HK Co., Ltd.)",장해각,분석,24826840,87.925,86.369,-1.56790 (98.4321),12 6,2016/04/12 09:26:16,
100,2298117246,투빅스(주),김정란,분석,24827000,87.926,86.369,-1.56727 (98.43273),1 8,2016/04/11 08:39:17,
101,4028141375,주식회사 이레유비크,박임철,분석,24828020,87.929,86.373,-1.56323 (98.43677),11 12,2016/04/11 17:24:58,
102,1168111572,남성기전(주),최전남,분석,24828510,87.931,86.375,-1.56128 (98.43872),3 11,2016/04/11 17:42:34,
103,2140562973,대산정보통신공사,오도균,분석,24829893,87.936,86.379,-1.55580 (98.4442),11 14,2016/04/11 23:17:00,
104,1198123174,주식회사 도래정보시스템,이은숙,분석,24831000,87.94,86.383,-1.55141 (98.44859),3 12,2016/04/11 09:13:28,
105,2128606988,원강정보통신 주식회사,우강원,분석,24831999,87.943,86.387,-1.54745 (98.45255),7 13,2016/04/12 09:55:19,
106,2058132431,(주)삼화동력개발,정권봉,분석,24832780,87.946,86.389,-1.54435 (98.45565),2 6,2016/04/11 17:06:14,
107,1388113508,(주)이엔티파워,장정수,분석,24833070,87.947,86.39,-1.54320 (98.4568),6 14,2016/04/11 09:22:06,
108,2028140892,주식회사 웰리브솔루션,노재섭,분석,24834400,87.952,86.395,-1.53793 (98.46207),9 2,2016/04/11 17:34:31,
109,1208192633,(주)유니썬코리아,김형중,분석,24834550,87.953,86.396,-1.53734 (98.46266),12 9,2016/04/12 09:18:44,
110,2148667434,(주)파슨텍,이범영,분석,24834590,87.953,86.396,-1.53718 (98.46282),14 4,2016/04/11 17:20:14,
111,2021295047,협진전기통신공사,최종운,분석,24835580,87.956,86.399,-1.53325 (98.46675),10 13,2016/04/12 09:35:51,
112,1068180183,보람정보통신서비스(주),안창진,분석,24835650,87.956,86.399,-1.53297 (98.46703),5 10,2016/04/11 10:21:06,
113,2128142640,팍스코이앤아이(주),박경인,분석,24837000,87.961,86.404,-1.52762 (98.47238),15 11,2016/04/11 16:45:30,
114,2158603049,유니넷텍(주),김한호,분석,24837124,87.962,86.405,-1.52713 (98.47287),1 11,2016/04/11 07:46:35,
115,1180966913,브리패스,권종철,분석,24837500,87.963,86.406,-1.52564 (98.47436),8 9,2016/04/11 12:57:51,
116,1018138303,(주)비엘에스,안홍서,분석,24837710,87.964,86.407,-1.52481 (98.47519),4 5,2016/04/11 18:55:31,
117,1068611721,우리보안 주식회사,이명재,분석,24838040,87.965,86.408,-1.52350 (98.4765),1 10,2016/04/11 16:56:50,
118,2148669602,(주)우호텔레콤,이강록,분석,24838050,87.965,86.408,-1.52346 (98.47654),13 9,2016/04/11 15:48:27,
119,2148731175,씨케이링크(주),최형수,분석,24838060,87.965,86.408,-1.52342 (98.47658),13 12,2016/04/12 09:33:07,
120,1168137418,두레옵트로닉스 주식회사,최수현,분석,24838110,87.965,86.408,-1.52322 (98.47678),9 2,2016/04/11 09:44:16,
121,1128107625,(주)삼정전기통신,김상민,분석,24838859,87.968,86.411,-1.52025 (98.47975),8 2,2016/04/11 10:30:54,
122,2148108857,대동종합전설 주식회사,문대중,분석,24839325,87.969,86.412,-1.51840 (98.4816),1 9,2016/04/11 15:04:30,
123,2048170015,(주)하남통신,김종화,분석,24839886,87.971,86.414,-1.51618 (98.48382),7 11,2016/04/11 10:35:44,
124,2118716291,(주)유토닉스,박찬호,분석,24842720,87.981,86.424,-1.50494 (98.49506),12 10,2016/04/12 09:45:41,
125,2158168163,블루엔이(주),정홍채,분석,24843150,87.983,86.425,-1.50324 (98.49676),9 8,2016/04/11 13:12:40,
126,1078701368,주식회사 라이프포스,이학원,분석,24843537,87.984,86.427,-1.50170 (98.4983),1 6,2016/04/11 16:16:30,
127,1078688280,콘텐츠스퀘어주식회사,함규식,분석,24844591,87.988,86.431,-1.49753 (98.50247),5 7,2016/04/11 09:51:59,
128,1078675432,(주)비젼엔텍,김종윤,분석,24845450,87.991,86.433,-1.49412 (98.50588),13 8,2016/04/12 09:32:14,
129,2108168251,풀무엔지니어링주식회사,황윤상,분석,24845500,87.991,86.434,-1.49392 (98.50608),4 1,2016/04/11 19:03:23,
130,1108127950,서경전기(주),이종환,분석,24845681,87.992,86.434,-1.49320 (98.5068),2 14,2016/04/11 09:38:50,
131,1068194348,(주)퓨젼아이앤씨,임영출,분석,24846030,87.993,86.436,-1.49182 (98.50818),10 11,2016/04/12 09:07:56,
132,1138157962,(주)하이눈정보통신,박종우,분석,24847012,87.997,86.439,-1.48793 (98.51207),11 7,2016/04/11 23:08:02,
133,1198636878,주식회사 에이티,박제용,분석,24847840,88.0,86.442,-1.48464 (98.51536),1 8,2016/04/12 09:37:52,
134,1138175669,(주)용상전기통신,권혁기,분석,24849970,88.007,86.449,-1.47620 (98.5238),8 2,2016/04/12 09:12:19,
135,1078141107,동양전자시스템(주),김홍태,분석,24850250,88.008,86.45,-1.47509 (98.52491),14 9,2016/04/11 18:07:46,
136,1088124659,(주)비젼텔레콤,김진수,분석,24850297,88.008,86.45,-1.47490 (98.5251),6 1,2016/04/11 13:34:19,
137,2068184285,주식회사 진명파워택,이명규,분석,24850480,88.009,86.451,-1.47418 (98.52582),1 15,2016/04/12 09:33:58,
138,6058166688,(주)세계아이티씨,김황기,분석,24850751,88.01,86.452,-1.47310 (98.5269),6 3,2016/04/11 09:14:56,
139,1180217524,대창 이엔씨,송효양,분석,24850870,88.01,86.452,-1.47263 (98.52737),14 1,2016/04/11 17:39:10,
140,1128126393,주식회사 승도이엔씨,신종성,분석,24851000,88.011,86.453,-1.47212 (98.52788),8 6,2016/04/12 09:12:50,
141,1408177811,주식회사 네오비젼,유정식,분석,24852560,88.016,86.458,-1.46593 (98.53407),1 3,2016/04/11 18:22:00,
142,2148675138,(주)대호아이티에스,임진덕,분석,24853390,88.019,86.461,-1.46264 (98.53736),11 6,2016/04/11 09:59:04,
143,1168153290,(주)에스비기공,노상봉,분석,24853731,88.02,86.462,-1.46129 (98.53871),15 8,2016/04/11 08:00:25,
144,1408169475,주식회사 제이앤제이파워스,박재옥,분석,24853900,88.021,86.463,-1.46062 (98.53938),13 12,2016/04/11 15:14:33,
145,1078127876,동하시티개발주식회사,윤종사,분석,24854450,88.023,86.465,-1.45844 (98.54156),13 1,2016/04/11 16:49:18,
146,2148705513,(주)케이이에스 전기공사,강성진,분석,24854660,88.024,86.466,-1.45761 (98.54239),4 11,2016/04/11 17:07:38,
147,1098643839,주식회사 케이비정보통신,지인현,분석,24855492,88.027,86.468,-1.45431 (98.54569),11 1,2016/04/11 18:11:52,
148,1068136902,대일전기산업(주),임태원,분석,24855920,88.028,86.47,-1.45261 (98.54739),7 10,2016/04/11 09:54:43,
149,1138607924,두성건설주식회사,안성병,분석,24857180,88.033,86.474,-1.44761 (98.55239),11 9,2016/04/11 12:08:33,
150,6058121041,(주)동양아이텔,황일신,분석,24857780,88.035,86.476,-1.44524 (98.55476),1 8,2016/04/12 09:20:17,
151,1198605337,(주)신한이엔아이,유순자,분석,24858330,88.037,86.478,-1.44305 (98.55695),12 14,2016/04/12 07:48:39,
152,1238166376,원전기통신 주식회사,김경태,분석,24858440,88.037,86.479,-1.44262 (98.55738),7 11,2016/04/11 09:41:17,
153,2158182826,(주)한국전설엔지니어링,허만일,분석,24858520,88.037,86.479,-1.44230 (98.5577),7 5,2016/04/12 09:08:07,
154,2128180192,(주)에스포스텔레콤,이상수,분석,24858880,88.039,86.48,-1.44087 (98.55913),9 3,2016/04/12 08:53:27,
155,1198101883,삼지전자 주식회사,박두진,분석,24858974,88.039,86.481,-1.44050 (98.5595),12 4,2016/04/11 20:53:44,
156,1298137942,자이온텔주식회사,예용기,분석,24859700,88.042,86.483,-1.43762 (98.56238),7 11,2016/04/11 09:42:35,
157,2048182660,동원오비텍(주),박동을,분석,24859810,88.042,86.483,-1.43719 (98.56281),7 2,2016/04/12 09:50:02,
158,1098155422,창공정보통신(주),김배명,분석,24860960,88.046,86.487,-1.43263 (98.56737),10 1,2016/04/11 15:30:55,
159,5048133604,(주)다온네트웍스,김진환,분석,24861480,88.048,86.489,-1.43057 (98.56943),5 12,2016/04/11 10:21:12,
160,2148631445,(주)우리넷정보통신,백창준,분석,24862220,88.051,86.492,-1.42763 (98.57237),4 11,2016/04/11 09:27:39,
161,2078124989,청보음향(주),지한영,분석,24863085,88.054,86.495,-1.42420 (98.5758),10 5,2016/04/11 13:07:59,
162,1128120633,(주)아토스,정효남,분석,24863200,88.054,86.495,-1.42375 (98.57625),13 11,2016/04/12 09:31:51,
163,8648700201,(주)현명정보통신,김철현,분석,24863766,88.056,86.497,-1.42150 (98.5785),15 4,2016/04/11 09:29:24,
164,2148650480,(주)두올테크,최철호,분석,24866010,88.064,86.505,-1.41261 (98.58739),15 1,2016/04/12 09:31:30,
165,2158736493,주식회사 한북통신기술,김진수,분석,24866289,88.065,86.506,-1.41150 (98.5885),1 8,2016/04/12 07:03:46,
166,1200399230,건영정보통신,김재곤,분석,24870240,88.079,86.52,-1.39583 (98.60417),4 8,2016/04/11 15:11:35,
167,1058163309,(주)한국에빅스,신승창,분석,24871050,88.082,86.523,-1.39262 (98.60738),7 9,2016/04/11 15:21:39,
168,2208782247,(주)안국정보통신,조군행,분석,24871530,88.083,86.524,-1.39072 (98.60928),13 3,2016/04/11 10:51:08,
169,2068125404,(주)대경인트라넷,이강열,분석,24871912,88.085,86.526,-1.38921 (98.61079),3 10,2016/04/12 09:16:07,
170,1058645188,(주)삼구정보통신,장원기,분석,24872310,88.086,86.527,-1.38763 (98.61237),2 12,2016/04/12 09:31:00,
171,1048142446,(주)대성텔레콤,양종만,분석,24873662,88.091,86.532,-1.38227 (98.61773),5 7,2016/04/12 09:15:07,
172,2108138572,주식회사 대양에이브이,임형두,분석,24874000,88.092,86.533,-1.38093 (98.61907),5 2,2016/04/11 13:36:41,
173,1198184278,주식회사엠디네트워크,이재현,분석,24874258,88.093,86.534,-1.37990 (98.6201),1 14,2016/04/11 18:14:38,
174,1108162262,주식회사예원정보통신,한백복,분석,24874713,88.095,86.535,-1.37810 (98.6219),4 5,2016/04/11 09:09:00,
175,2148777322,주식회사 보림프러스,김병관,분석,24874838,88.095,86.536,-1.37760 (98.6224),10 7,2016/04/12 09:18:10,
176,2158787954,주식회사 티엔넷,김태완,분석,24875310,88.097,86.537,-1.37573 (98.62427),6 4,2016/04/11 16:17:48,
177,4108154473,주식회사 도림티앤씨,배찬호,분석,24876400,88.101,86.541,-1.37141 (98.62859),8 7,2016/04/11 10:40:16,
178,1198635165,(주)세화정보통신,김영주,분석,24876550,88.101,86.542,-1.37082 (98.62918),10 2,2016/04/12 09:27:02,
179,1088122326,대산전자통신(주),김연희,분석,24877930,88.106,86.546,-1.36535 (98.63465),6 14,2016/04/11 22:14:35,
180,2108118504,보성전기산업(주),강준구,분석,24879200,88.111,86.551,-1.36031 (98.63969),5 13,2016/04/11 09:35:04,
181,2170366237,염광통신공사,기홍용,분석,24881590,88.119,86.559,-1.35083 (98.64917),10 8,2016/04/11 13:47:03,
182,2198125754,알티엘산업 주식회사,이근태,분석,24881775,88.12,86.56,-1.35010 (98.6499),4 14,2016/04/11 13:46:40,
183,2158665588,주식회사 지준시스템,김동현,분석,24882354,88.122,86.562,-1.34781 (98.65219),4 1,2016/04/11 12:07:40,
184,2208709343,유텔레콤주식회사,이종일,분석,24883010,88.124,86.564,-1.34520 (98.6548),4 10,2016/04/12 09:59:20,
185,2208110402,정안전기(주),이학용,분석,24883438,88.126,86.566,-1.34351 (98.65649),11 14,2016/04/12 09:53:05,
186,1138618396,(주)아이씨엔캐스트,최안철,분석,24884120,88.128,86.568,-1.34080 (98.6592),13 2,2016/04/11 14:56:28,
187,2128151509,한선전자통신(주),박일권,분석,24885330,88.132,86.572,-1.33601 (98.66399),8 13,2016/04/11 09:35:24,
188,2098124011,(주)주암전기통신,정한석,분석,24885410,88.133,86.573,-1.33569 (98.66431),14 10,2016/04/10 22:51:32,
189,2068124123,(주)세양텔레콤,김한섭,분석,24885898,88.134,86.574,-1.33375 (98.66625),10 5,2016/04/11 11:12:41,
190,2066762193,보성통신,문용권,분석,24886490,88.136,86.576,-1.33141 (98.66859),6 10,2016/04/11 16:57:32,
191,1148708355,주식회사 조이시스템즈,이경규,분석,24886640,88.137,86.577,-1.33081 (98.66919),12 15,2016/04/11 20:22:17,
191,1208659755,(주)정운정보통신,곽덕문,분석,24886640,88.137,86.577,-1.33081 (98.66919),1 13,2016/04/12 09:04:26,
193,2148883836,주식회사 포엠넷,전영진,분석,24888358,88.143,86.583,-1.32400 (98.676),2 4,2016/04/11 11:15:27,
194,1068152810,주식회사 보성엔지니어링,박광신,분석,24888920,88.145,86.585,-1.32177 (98.67823),7 5,2016/04/12 08:58:37,
195,2048159043,이앤씨텔레콤(주),김진갑,분석,24889180,88.146,86.586,-1.32074 (98.67926),1 10,2016/04/11 13:28:28,
196,2298119166,(주)삼영기업,금동흠,분석,24890000,88.149,86.588,-1.31749 (98.68251),2 15,2016/04/12 09:15:03,
197,2158138830,주식회사와이드이엔씨,최주섭,분석,24890500,88.151,86.59,-1.31551 (98.68449),12 15,2016/04/12 08:21:12,
198,2058125376,주식회사 명성라이픽스,황석고,분석,24891680,88.155,86.594,-1.31083 (98.68917),8 1,2016/04/12 08:52:42,
199,2158756733,주식회사 케이원,이재환,분석,24891700,88.155,86.594,-1.31075 (98.68925),7 1,2016/04/11 11:26:28,
200,1041890207,삼정정보통신,이순봉,분석,24893030,88.16,86.599,-1.30548 (98.69452),10 2,2016/04/12 09:42:10,
201,1138158414,(주)신우종합정보,김찬종,분석,24893629,88.162,86.601,-1.30310 (98.6969),10 5,2016/04/11 20:25:50,
202,2058140829,원앤원산업개발(주),배애순,분석,24893781,88.162,86.602,-1.30250 (98.6975),14 6,2016/04/11 10:39:06,
203,1048635974,주식회사 성원통신,송준형,분석,24894222,88.164,86.603,-1.30075 (98.69925),3 9,2016/04/12 08:33:28,
204,1018642326,한우이앤에스(주),변준석,분석,24894230,88.164,86.603,-1.30072 (98.69928),5 3,2016/04/11 13:53:29,
205,2208658565,주식회사 주인정보시스템,김근호,분석,24895000,88.167,86.606,-1.29767 (98.70233),13 10,2016/04/12 08:51:39,
206,1198609177,이유솔루션주식회사,장지호,분석,24896150,88.171,86.61,-1.29311 (98.70689),7 4,2016/04/11 18:23:04,
207,2118645407,흥일정보통신(주),정본영,분석,24896730,88.173,86.612,-1.29081 (98.70919),3 5,2016/04/12 09:27:37,
208,2048140753,(주)청효이씨이,이범석,분석,24897413,88.175,86.614,-1.28810 (98.7119),5 2,2016/04/12 09:20:28,
209,1098160416,(주)용진정보통신,도용석,분석,24899202,88.182,86.62,-1.28101 (98.71899),11 13,2016/04/11 11:10:06,
210,2158639149,(주)신우티엔에스,박범준,분석,24899250,88.182,86.621,-1.28082 (98.71918),5 3,2016/04/12 09:58:47,
211,1118114477,주식회사 대흥데이타통신,박상영,분석,24901044,88.188,86.627,-1.27370 (98.7263),3 15,2016/04/11 17:01:19,
212,1178186611,(주)신흥에프에이,박인숙,분석,24901800,88.191,86.63,-1.27071 (98.72929),15 13,2016/04/12 09:47:05,
213,2208667614,(주)로버텍,김현성,분석,24902835,88.194,86.633,-1.26660 (98.7334),6 1,2016/04/12 09:18:16,
214,1208633380,(주)에스에스통신,이종필,분석,24904290,88.2,86.638,-1.26083 (98.73917),11 12,2016/04/12 09:17:46,
215,1078606385,대선아이넷(주),신일자,분석,24905000,88.202,86.641,-1.25802 (98.74198),5 3,2016/04/11 16:50:19,
216,1098626994,(주)에이치엔엠,성기용,분석,24906840,88.209,86.647,-1.25072 (98.74928),10 12,2016/04/11 16:19:46,
217,1068199566,(주)엔토스정보통신,조태야,분석,24907753,88.212,86.65,-1.24710 (98.7529),8 14,2016/04/11 17:54:40,
218,1198166421,(주)띠앗정보통신,우석희,분석,24909628,88.218,86.657,-1.23967 (98.76033),9 13,2016/04/11 08:42:10,
219,1178176113,(주)엔케이미디어,곽재호,분석,24911860,88.226,86.665,-1.23082 (98.76918),13 5,2016/04/12 08:42:53,
220,1198118405,우광기전(주),이기진,분석,24913710,88.233,86.671,-1.22349 (98.77651),6 14,2016/04/11 08:43:49,
220,2298125412,스크린정보통신(주),조승제,분석,24913710,88.233,86.671,-1.22349 (98.77651),6 2,2016/04/11 10:03:02,
222,1208168171,성호아이피오(주),민문기,분석,24914400,88.235,86.673,-1.22075 (98.77925),13 3,2016/04/11 21:39:45,
223,1148176981,(주)용희시스템,김한병,분석,24914410,88.235,86.673,-1.22071 (98.77929),14 2,2016/04/12 09:43:05,
224,1198653668,에코아이넷(주),박은희,분석,24915673,88.24,86.678,-1.21570 (98.7843),4 9,2016/04/11 22:08:21,
225,1074869108,부성엔지니어링,오부근,분석,24915850,88.24,86.678,-1.21500 (98.785),10 2,2016/04/11 14:18:03,
226,2158747516,(주) 제이에스통신정보,한택수,분석,24916930,88.244,86.682,-1.21072 (98.78928),7 6,2016/04/11 12:00:39,
227,2048109261,영한산업(주),권지영,분석,24917000,88.245,86.682,-1.21044 (98.78956),12 2,2016/04/11 20:04:30,
228,1088159691,(주)다우텔레콤,이영순,분석,24919450,88.253,86.691,-1.20073 (98.79927),7 6,2016/04/12 09:02:36,
229,1058682164,(주)울트라텔레콤,김성철,분석,24922861,88.265,86.703,-1.18721 (98.81279),11 4,2016/04/11 10:47:26,
230,1058684745,(주)대곤아이엔씨,이체범,분석,24923290,88.267,86.704,-1.18550 (98.8145),7 2,2016/04/11 15:54:41,
231,2188109765,(주)웨이브컴,채인석,분석,24924170,88.27,86.707,-1.18202 (98.81798),4 11,2016/04/12 09:41:13,
232,1138189770,인콤아이에스(주),강점식,분석,24924350,88.271,86.708,-1.18130 (98.8187),11 3,2016/04/11 17:49:47,
233,1078162397,신용통신 주식회사,변옥희,분석,24924859,88.272,86.71,-1.17928 (98.82072),4 3,2016/04/11 17:56:50,
234,1198180947,한빛에이스전통(주),허경만,분석,24925838,88.276,86.713,-1.17540 (98.8246),5 3,2016/04/11 09:43:24,
235,1178152085,(주)태호텔레콤,윤관로,분석,24926090,88.277,86.714,-1.17440 (98.8256),4 5,2016/04/11 17:06:05,
236,2158752488,(주)에이엔티시스템스,배중식,분석,24927860,88.283,86.72,-1.16739 (98.83261),9 4,2016/04/11 17:38:20,
237,1138148366,주식회사 레이어스,조인선,분석,24930428,88.292,86.729,-1.15720 (98.8428),9 5,2016/04/12 09:24:41,
238,2098143997,(주)뉴비텔레콤,박종관,분석,24931714,88.297,86.734,-1.15211 (98.84789),6 3,2016/04/12 09:41:58,
239,2011497895,정우이앤씨,유동환,분석,24939310,88.324,86.76,-1.12199 (98.87801),12 2,2016/04/11 14:59:40,
240,1188117437,탑인더스트리(주),이정임,분석,24947620,88.353,86.789,-1.08904 (98.91096),4 10,2016/04/11 08:42:00,
241,2648122849,주식회사한양시큐리티,신동준,분석,24947832,88.354,86.79,-1.08820 (98.9118),3 4,2016/04/11 18:04:39,
242,2098141039,(주)벨에어테크,최트로이,분석,24949471,88.36,86.795,-1.08170 (98.9183),11 14,2016/04/11 16:15:03,
243,1138145530,송림기술주식회사,채동훈,분석,24951754,88.368,86.803,-1.07265 (98.92735),7 2,2016/04/12 08:47:39,
244,2098133432,(주)가람씨앤씨,임승덕,분석,24952375,88.37,86.805,-1.07019 (98.92981),14 12,2016/04/11 09:31:12,
245,1148676763,유토피아정보기술(주),안종섭,분석,24952770,88.371,86.807,-1.06862 (98.93138),9 6,2016/04/12 08:20:50,
246,1338113707,(주)대보통신,염영숙,분석,24956660,88.385,86.82,-1.05320 (98.9468),14 12,2016/04/11 14:16:48,
247,2100412872,유광미디어,김유성,분석,24958200,88.39,86.826,-1.04710 (98.9529),1 13,2016/04/12 09:33:11,
248,1058181141,(주)산들네트웍스,안정화,분석,24960544,88.399,86.834,-1.03780 (98.9622),2 8,2016/04/12 08:31:00,
249,1048159651,(주)성우음향정보통신,송민자,분석,24965000,88.415,86.849,-1.02013 (98.97987),4 5,2016/04/11 19:07:17,
250,2148840477,주식회사 알비에스테크,김동헌,분석,24976737,88.456,86.89,-0.97360 (99.0264),11 8,2016/04/12 07:19:38,
251,1078151890,주식회사유진솔루션,이훈희,분석,24981380,88.473,86.906,-0.95519 (99.04481),2 7,2016/04/12 09:35:54,
252,1138640864,주식회사 씨앤텍정보통신,이우근,분석,24982050,88.475,86.909,-0.95254 (99.04746),12 13,2016/04/11 10:30:37,
253,1108190166,(주)페타네트워크,강인희,분석,24982340,88.476,86.91,-0.95139 (99.04861),14 9,2016/04/11 09:35:41,
254,2141179494,서울정보통신,김이성,분석,24982440,88.476,86.91,-0.95099 (99.04901),10 1,2016/04/11 09:40:08,
255,1138163917,백두전기통신(주),장철,분석,24985035,88.485,86.919,-0.94070 (99.0593),2 11,2016/04/11 22:01:03,
256,1058641085,(주)에스엠전력,김동율,분석,24985800,88.488,86.922,-0.93767 (99.06233),5 3,2016/04/11 09:34:24,
257,1198187498,성원씨엔씨주식회사,유인식,분석,24985810,88.488,86.922,-0.93763 (99.06237),14 5,2016/04/12 09:07:35,
258,1088179663,주식회사 시큐뱅크,심재춘,분석,24990256,88.504,86.937,-0.92000 (99.08),5 10,2016/04/11 18:03:01,
259,1068125614,(주)한국전자정보시스템,김흥주,분석,25010000,88.574,87.006,-0.84172 (99.15828),10 2,2016/04/12 09:20:40,
260,1078688354,(주)혜인에스앤에스,유순희,분석,25011440,88.579,87.011,-0.83601 (99.16399),3 6,2016/04/11 14:39:16,
261,2068678056,주식회사 주영네트웍스,김재현,분석,25038210,88.674,87.104,-0.72988 (99.27012),5 3,2016/04/11 14:32:36,
262,1018151140,(주)사운드솔루션,이홍,분석,25052210,88.723,87.153,-0.67437 (99.32563),8 10,2016/04/12 09:18:58,
263,2118612681,(주)해우정보시스템,김병헌,분석,25052251,88.724,87.153,-0.67421 (99.32579),4 6,2016/04/11 10:49:24,
264,1068128718,서광통신 주식회사,최경석,분석,25070296,88.787,87.216,-0.60266 (99.39734),8 15,2016/04/11 17:59:37,
265,2028138682,협진통신(주),이승훈,분석,25070665,88.789,87.217,-0.60120 (99.3988),3 15,2016/04/11 16:50:48,
266,1178108842,풍성건설(주),임명환,분석,25073700,88.799,87.228,-0.58917 (99.41083),10 5,2016/04/12 08:38:32,
267,1088127729,주식회사 대원네시스,이연호,분석,25076995,88.811,87.239,-0.57610 (99.4239),3 1,2016/04/11 18:21:53,
268,2198123760,기찬정보통신(주),홍석기,분석,25082405,88.83,87.258,-0.55465 (99.44535),5 14,2016/04/11 10:10:02,
269,1180565240,성보전자통신,양행천,분석,25093540,88.87,87.297,-0.51051 (99.48949),10 5,2016/04/11 21:01:23,
270,6042996444,세일,이종보,분석,25101000,88.896,87.323,-0.48093 (99.51907),14 12,2016/04/12 09:29:22,
271,1078162422,유비시스템컴 주식회사,황우철,분석,25115324,88.947,87.372,-0.42414 (99.57586),1 9,2016/04/11 19:26:51,
272,1098162433,광명정보통신(주),김형준,분석,25115359,88.947,87.372,-0.42400 (99.576),4 13,2016/04/12 09:03:12,
273,1198646212,주식회사 에프에스네트웍스,이화수,분석,25120320,88.965,87.39,-0.40433 (99.59567),2 7,2016/04/11 07:12:10,
274,2068111894,(주)아파트피아,곽복동,분석,25130440,89.0,87.425,-0.36421 (99.63579),13 2,2016/04/12 09:46:10,
275,5138141831,주식회사 우경네트웍스,우종국,분석,25141211,89.039,87.462,-0.32150 (99.6785),2 8,2016/04/12 08:49:40,
276,1188109728,득진통신(주),김진섭,분석,25154695,89.086,87.509,-0.26804 (99.73196),12 13,2016/04/11 11:30:32,
277,2140875125,삼화전기정보통신공사,석동욱,분석,25157750,89.097,87.52,-0.25593 (99.74407),3 7,2016/04/11 16:53:31,
278,1180673427,한마음정보시스템,정인숙,분석,25160321,89.106,87.529,-0.24574 (99.75426),12 2,2016/04/11 16:39:27,
279,2030130565,이수정보통신,이한수,분석,25161489,89.11,87.533,-0.24111 (99.75889),11 10,2016/04/12 09:34:34,
280,2078148017,(주)명신시스템,노근식,분석,25162790,89.115,87.537,-0.23595 (99.76405),2 13,2016/04/12 09:23:22,
281,2037666794,금성텔레콤,정용상,분석,25166444,89.128,87.55,-0.22146 (99.77854),13 8,2016/04/11 16:54:20,
282,1138640850,주식회사 우솔네트웍스,유성옥,분석,25167970,89.133,87.555,-0.21541 (99.78459),3 5,2016/04/11 13:24:46,
283,1188120780,(주)웅비정보통신,박근택,분석,25175733,89.161,87.582,-0.18463 (99.81537),4 14,2016/04/11 15:52:44,
284,1288154026,(주)니트로시스템,정인교,분석,25175793,89.161,87.583,-0.18439 (99.81561),7 15,2016/04/11 10:54:40,
285,1138694303,향원전자통신 주식회사,김태석,분석,25178190,89.17,87.591,-0.17489 (99.82511),13 2,2016/04/10 22:12:44,
286,2048652986,태성이엔씨 주식회사,임성택,분석,25181590,89.182,87.603,-0.16141 (99.83859),2 7,2016/04/10 11:16:10,
287,1108164858,(주)에스에이정보기술,김성빈,분석,25181900,89.183,87.604,-0.16018 (99.83982),11 14,2016/04/11 08:58:32,
288,1058168298,이화통신(주),이선행,분석,25189007,89.208,87.629,-0.13200 (99.868),9 7,2016/04/11 15:43:04,
289,2158727392,매컴정보통신(주),장병호,분석,25192460,89.22,87.641,-0.11831 (99.88169),7 15,2016/04/11 06:11:37,
290,2118696662,(주)아이넷빌더,박해성,분석,25193760,89.225,87.645,-0.11316 (99.88684),5 10,2016/04/11 12:03:43,
291,2038164674,(주)컴버스테크,이돈원,분석,25193900,89.225,87.646,-0.11260 (99.8874),1 14,2016/04/11 20:46:24,
292,1088154468,(주)이젠정보통신,이동필,분석,25212211,89.29,87.709,-0.04001 (99.95999),9 6,2016/04/11 16:25:03,
293,2148786762,(주)민우이앤씨,민형기,분석,25218178,89.311,87.73,-0.01635 (99.98365),4 11,2016/04/11 08:25:01,
294,1178152009,동아신호 주식회사,최종수,분석,25218950,89.314,87.733,-0.01329 (99.98671),9 11,2016/04/11 15:41:52,
295,1068194620,(주)합동전자산업,정호원,분석,25221000,89.321,87.74,-0.00516 (99.99484),10 5,2016/04/12 09:26:39,
296,2208602950,(주)세연텔레콤,홍성일,분석,25221042,89.321,87.74,-0.00499 (99.99501),10 6,2016/04/11 16:30:46,
297,1078679665,(주)젤루텍,이두규,분석,25222000,89.325,87.743,-0.00120 (99.9988),6 14,2016/04/11 19:44:47,
298,2148751996,(주)씨피아이솔루션,이강기,분석,25222300,89.326,87.744,-0.00001 (99.99999),6 1,2016/04/11 17:17:42,
299,1138683636,주식회사 온택,허윤훈,분석,25222328,89.326,87.745,0.00011 (100.00011),1 13,2016/04/11 17:28:29,
300,2158669639,(주)한정원,이수환,분석,25242400,89.397,87.814,0.07969 (100.07969),9 8,2016/04/12 09:44:22,
301,2078152132,(주)홍남테크,김홍길,분석,25254060,89.438,87.855,0.12591 (100.12591),5 3,2016/04/12 08:23:29,
302,2118603519,서울전자통신(주),이명규,분석,25268003,89.488,87.903,0.18119 (100.18119),2 13,2016/04/11 08:47:13,
303,2158148186,시스텍전기통신(주),전진우,분석,25278337,89.524,87.939,0.22217 (100.22217),1 15,2016/04/12 08:14:26,
304,1058747280,주식회사 하이디시큐리티,문이수,분석,25288890,89.562,87.976,0.26401 (100.26401),12 1,2016/04/11 11:33:23,
305,1068142253,주식회사 밀로텍,최충식,분석,25292039,89.573,87.987,0.27649 (100.27649),1 15,2016/04/11 16:20:52,
306,1198181214,엔텍월드주식회사,안병립,분석,25299509,89.599,88.013,0.30611 (100.30611),12 5,2016/04/11 15:29:56,
307,2208180951,엘지정보기술(주),엄태원,분석,25304474,89.617,88.03,0.32579 (100.32579),9 3,2016/04/11 11:39:59,
308,2178127061,주식회사 칸씨앤에스,황성주,분석,25304770,89.618,88.031,0.32697 (100.32697),11 6,2016/04/12 09:22:13,
309,4098163161,(주)동우커뮤니케이션,송준성,분석,25306972,89.626,88.039,0.33570 (100.3357),7 10,2016/04/12 09:22:58,
310,3978800241,이지엔지니어링 주식회사,이재관,분석,25319633,89.67,88.083,0.38589 (100.38589),15 13,2016/04/11 22:55:52,
311,1058192352,한아름정보통신(주),손경선,분석,25326990,89.697,88.109,0.41506 (100.41506),9 5,2016/04/11 14:02:06,
312,1098603593,주식회사 완일이씨에스,김경창,분석,25327020,89.697,88.109,0.41518 (100.41518),7 15,2016/04/11 14:12:57,
313,2078126444,(주)대영전설,김문영,분석,25330750,89.71,88.122,0.42997 (100.42997),15 4,2016/04/11 12:59:38,
314,2168115499,주식회사 대상전력,임용철,분석,25351036,89.782,88.192,0.51040 (100.5104),2 12,2016/04/12 05:12:29,
315,1088107572,동광전기건설(주),이동은,분석,25383244,89.896,88.304,0.63810 (100.6381),12 5,2016/04/11 17:57:05,
316,2118645334,주식회사 지어소프트,김영준,분석,25385555,89.904,88.312,0.64726 (100.64726),8 4,2016/04/12 09:37:58,
317,2148632162,신영전자통신(주),김성식,분석,25395401,89.939,88.347,0.68630 (100.6863),14 7,2016/04/11 15:39:34,
318,1188103874,(주)동남이앤에스,김학철,분석,25402470,89.964,88.371,0.71432 (100.71432),7 9,2016/04/11 13:27:19,
319,1078155407,(주)윤익계전,안용준,분석,25417300,90.016,88.423,0.77312 (100.77312),13 5,2016/04/11 16:16:06,
320,1058663420,(주)엠비에스엔지니어링,강형주,분석,25419590,90.024,88.431,0.78220 (100.7822),15 5,2016/04/12 09:34:16,
321,1018105457,株式會社 南海電機,박인태,분석,25436250,90.083,88.489,0.84825 (100.84825),12 15,2016/04/11 20:21:32,
322,2208139700,(주)애플파워,김성국,분석,25437800,90.089,88.494,0.85440 (100.8544),15 10,2016/04/11 23:27:35,
323,2148619102,유석산업(주),최현호,분석,25438332,90.091,88.496,0.85651 (100.85651),13 1,2016/04/11 10:17:08,
324,1198188750,(주)코에버정보기술,반기동,분석,25447284,90.123,88.527,0.89200 (100.892),12 3,2016/04/12 08:56:12,
325,1058622429,우리정보네트웍스(주),문길영,분석,25456136,90.154,88.558,0.92709 (100.92709),2 6,2016/04/11 12:17:00,
326,2148665931,(주)프라임디지탈네트웍스,안진호,분석,25473400,90.215,88.618,0.99554 (100.99554),3 14,2016/04/11 10:10:27,
327,2208165402,서전엔지니어링(주),유경하,분석,25510000,90.345,88.745,1.14065 (101.14065),15 6,2016/04/12 09:48:27,
328,2148768177,(주)프라임엔시스템,윤재중,분석,25671258,90.916,89.306,1.78000 (101.78),1 10,2016/04/12 09:51:37,
329,1065089370,성도전자,송무선,분석,27862450,98.676,96.929,10.46752 (110.46752),14 15,2016/04/12 09:52:38,
330,2188114856,서교정보통신(주),김기설,분석,28745000,101.8021,100.0,13.96660 (113.9666),3 13,2016/04/12 08:53:58,예가초과
331,1188110211,(주)텔레텍코리아,윤광수,분석,246802780,874.0666,858.593,878.51019 (978.51019),5 1,2016/04/11 16:36:56,예가초과
-1,2148123348,성제전기(주),김팔성,분석,24775336,87.743,86.19,-1.77210 (98.2279),2 13,2016/04/12 02:22:55,낙찰하한선 미달
-2,1138146387,(주)대산시스템,전재수,분석,24775020,87.742,86.188,-1.77336 (98.22664),12 6,2016/04/12 09:31:06,낙찰하한선 미달
-3,2148842024,주식회사 에이번,김지윤,분석,24774950,87.741,86.188,-1.77363 (98.22637),9 4,2016/04/12 09:51:35,낙찰하한선 미달
-4,1208609541,청강전기(주),김관호,분석,24773696,87.737,86.184,-1.77861 (98.22139),2 15,2016/04/12 09:55:18,낙찰하한선 미달
-5,2148687288,(주)포어링크,송기봉,분석,24772150,87.732,86.178,-1.78474 (98.21526),9 15,2016/04/11 09:35:15,낙찰하한선 미달
-6,1208128825,(주)이일엔지니어링,정찬면,분석,24772060,87.731,86.178,-1.78509 (98.21491),7 8,2016/04/11 09:09:36,낙찰하한선 미달
-7,1058714080,(주) 한일이앤에스,박완교,분석,24771502,87.729,86.176,-1.78731 (98.21269),2 1,2016/04/11 17:39:47,낙찰하한선 미달
-8,1068160552,(주)금산트리피아,김백순,분석,24771450,87.729,86.176,-1.78751 (98.21249),10 7,2016/04/11 11:45:34,낙찰하한선 미달
-9,2208869047,양지전기 주식회사,박승연,분석,24771350,87.729,86.176,-1.78791 (98.21209),14 15,2016/04/11 11:10:12,낙찰하한선 미달
-10,2208629809,(주)에버가드,오세동,분석,24770420,87.725,86.172,-1.79160 (98.2084),1 5,2016/04/11 11:47:03,낙찰하한선 미달
-11,2068170480,(주)금성전력기술,김일혁,분석,24769661,87.723,86.17,-1.79460 (98.2054),10 3,2016/04/11 11:09:03,낙찰하한선 미달
-12,1268159398,(주)파이런텍,이병길,분석,24769640,87.723,86.17,-1.79469 (98.20531),15 14,2016/04/11 10:40:15,낙찰하한선 미달
-13,2038154744,주식회사 고일,조준영,분석,24769080,87.721,86.168,-1.79691 (98.20309),15 8,2016/04/11 18:15:20,낙찰하한선 미달
-14,1138690758,주식회사 에스에스아이,박연익,분석,24768800,87.72,86.167,-1.79802 (98.20198),12 8,2016/04/11 15:05:58,낙찰하한선 미달
-15,1098611981,(주)테라칸 건설,이동철,분석,24768000,87.717,86.164,-1.80119 (98.19881),3 8,2016/04/12 09:27:24,낙찰하한선 미달
-16,1078154150,(주)케이원정보통신,김승일,분석,24767790,87.716,86.163,-1.80202 (98.19798),7 5,2016/04/11 08:44:53,낙찰하한선 미달
-17,2150786744,영진전기통신공사,정재인,분석,24767255,87.714,86.161,-1.80414 (98.19586),10 7,2016/04/11 09:15:40,낙찰하한선 미달
-18,2208727337,주식회사주니파워네트웍스,노병준,분석,24767100,87.714,86.161,-1.80476 (98.19524),2 7,2016/04/11 10:08:55,낙찰하한선 미달
-19,2118101156,(주)인스틴솔루션,박세준,분석,24766800,87.713,86.16,-1.80595 (98.19405),12 6,2016/04/11 12:35:33,낙찰하한선 미달
-20,2158784530,주식회사 대운텔레시스,장안성,분석,24766559,87.712,86.159,-1.80690 (98.1931),6 7,2016/04/11 14:14:47,낙찰하한선 미달
-21,1018151121,주식회사 경원전력,최경택,분석,24766449,87.711,86.159,-1.80734 (98.19266),8 15,2016/04/11 21:30:33,낙찰하한선 미달
-22,2108157604,주식회사 시울이엔지,김미숙,분석,24765777,87.709,86.156,-1.81000 (98.19),4 7,2016/04/11 15:37:05,낙찰하한선 미달
-23,2118754581,(주)아이피컨버전스,이동규,분석,24765190,87.707,86.154,-1.81233 (98.18767),15 6,2016/04/11 10:18:37,낙찰하한선 미달
-24,1068644033,(주)코맥스디에스씨,안병호,분석,24764750,87.705,86.153,-1.81408 (98.18592),13 10,2016/04/11 09:55:55,낙찰하한선 미달
-25,1188115778,대신통신기술(주),김지영,분석,24764100,87.703,86.15,-1.81665 (98.18335),12 14,2016/04/11 17:39:33,낙찰하한선 미달
-26,1178119238,주식회사 동양네트워크,김종렬,분석,24763695,87.702,86.149,-1.81826 (98.18174),13 12,2016/04/12 08:39:58,낙찰하한선 미달
-27,2158191475,(주)디앤씨코퍼레이션,엄삼섭,분석,24763240,87.7,86.147,-1.82006 (98.17994),6 9,2016/04/11 17:36:23,낙찰하한선 미달
-28,1088179135,주왕전기통신(주),장진섭,분석,24762625,87.698,86.145,-1.82250 (98.1775),7 11,2016/04/12 09:18:24,낙찰하한선 미달
-29,2068183592,(주)신광티앤이,이일환,분석,24762090,87.696,86.143,-1.82462 (98.17538),3 5,2016/04/11 10:05:39,낙찰하한선 미달
-30,2198128479,조은정보통신(주),박원규,분석,24761994,87.696,86.143,-1.82500 (98.175),7 11,2016/04/11 10:56:17,낙찰하한선 미달
-31,1188117816,(주)영원정보통신,전춘식,분석,24761990,87.696,86.143,-1.82502 (98.17498),2 1,2016/04/11 11:03:22,낙찰하한선 미달
-32,2158621601,주식회사대륭전력통신,정병구,분석,24761665,87.694,86.142,-1.82631 (98.17369),12 9,2016/04/11 22:04:58,낙찰하한선 미달
-33,2068153517,뉴텔레콤(주),김을선,분석,24761620,87.694,86.142,-1.82648 (98.17352),12 9,2016/04/11 09:49:03,낙찰하한선 미달
-34,2068682619,주식회사 세기위성통신,신동수,분석,24761340,87.693,86.141,-1.82760 (98.1724),1 5,2016/04/12 09:31:43,낙찰하한선 미달
-35,5878600398,주식회사 엑사엔시스,김준용,분석,24760100,87.689,86.137,-1.83251 (98.16749),9 7,2016/04/11 07:24:39,낙찰하한선 미달
-36,2018176136,(주)휴넷시스템,김초영,분석,24759547,87.687,86.135,-1.83470 (98.1653),8 14,2016/04/11 14:34:50,낙찰하한선 미달
-37,2128140491,(주)벧엘정보통신,채수진,분석,24758700,87.684,86.132,-1.83806 (98.16194),4 10,2016/04/11 09:09:42,낙찰하한선 미달
-38,1108153161,(주)나이츠넷,이용현,분석,24757150,87.678,86.126,-1.84421 (98.15579),13 2,2016/04/12 08:38:41,낙찰하한선 미달
-39,1178144625,도부정보통신(주),권영석,분석,24756996,87.678,86.126,-1.84482 (98.15518),12 10,2016/04/11 18:01:35,낙찰하한선 미달
-40,1088189685,주식회사 태산정보기술,서정범,분석,24756772,87.677,86.125,-1.84571 (98.15429),3 13,2016/04/12 09:44:42,낙찰하한선 미달
-41,1088180573,다올정보기술주식회사,한송주,분석,24756400,87.676,86.124,-1.84718 (98.15282),13 8,2016/04/10 18:57:58,낙찰하한선 미달
-42,1098651964,셀코정보기술 주식회사,권영용,분석,24754982,87.671,86.119,-1.85280 (98.1472),8 11,2016/04/12 08:30:20,낙찰하한선 미달
-43,2148744781,에이티에스정보기술(주),왕종득,분석,24754000,87.667,86.115,-1.85670 (98.1433),4 2,2016/04/11 15:41:16,낙찰하한선 미달
-44,1018154598,씨엔에스코리아(주),유호태,분석,24752775,87.663,86.111,-1.86155 (98.13845),13 9,2016/04/12 08:06:57,낙찰하한선 미달
-45,1348658866,스마클(주),송동하,분석,24752500,87.662,86.11,-1.86264 (98.13736),2 1,2016/04/11 13:03:23,낙찰하한선 미달
-46,1198658528,진솔이앤에스 주식회사,김정현,분석,24752280,87.661,86.109,-1.86352 (98.13648),15 2,2016/04/12 09:46:20,낙찰하한선 미달
-47,2130230588,태극정보통신,이상호,분석,24751949,87.66,86.108,-1.86483 (98.13517),8 1,2016/04/12 07:48:39,낙찰하한선 미달
-48,1170233690,화진정보통신,김병철,분석,24751770,87.659,86.108,-1.86554 (98.13446),5 9,2016/04/12 09:48:31,낙찰하한선 미달
-49,1108175622,동해아이앤티(주),이기봉,분석,24751600,87.659,86.107,-1.86621 (98.13379),12 4,2016/04/11 10:34:51,낙찰하한선 미달
-50,2118743406,보성통신기술(주),장승익,분석,24750310,87.654,86.103,-1.87133 (98.12867),5 13,2016/04/11 18:04:50,낙찰하한선 미달
-51,1138615856,(주)서원티에스,김안수,분석,24749686,87.652,86.1,-1.87380 (98.1262),8 14,2016/04/11 17:07:57,낙찰하한선 미달
-52,1078805018,주식회사 지엔아이테크,박우정,분석,24748680,87.648,86.097,-1.87779 (98.12221),5 10,2016/04/12 09:04:22,낙찰하한선 미달
-53,2198111833,주식회사대영산전,전인구,분석,24748400,87.647,86.096,-1.87890 (98.1211),14 3,2016/04/11 15:27:26,낙찰하한선 미달
-54,2138800230,주식회사 성민전기통신,홍종애,분석,24748000,87.646,86.094,-1.88048 (98.11952),10 9,2016/04/11 11:07:57,낙찰하한선 미달
-55,1138636870,주식회사 나우시스템,이종한,분석,24747828,87.645,86.094,-1.88117 (98.11883),4 11,2016/04/12 09:05:37,낙찰하한선 미달
-56,1068674084,주식회사월드아이,신영구,분석,24747610,87.645,86.093,-1.88203 (98.11797),5 11,2016/04/11 09:15:37,낙찰하한선 미달
-57,1018126108,(주)일능,정운겸,분석,24747220,87.643,86.092,-1.88358 (98.11642),4 6,2016/04/12 09:46:57,낙찰하한선 미달
-58,1138613391,(주)금광아이앤씨,석덕림,분석,24746940,87.642,86.091,-1.88469 (98.11531),2 7,2016/04/12 06:05:42,낙찰하한선 미달
-59,2108168358,주식회사 영호정보통신,조영민,분석,24746220,87.64,86.088,-1.88754 (98.11246),1 5,2016/04/11 18:55:50,낙찰하한선 미달
-60,1148692201,(주)피앤시,정수성,분석,24745900,87.639,86.087,-1.88881 (98.11119),8 15,2016/04/11 09:29:43,낙찰하한선 미달
-61,2158643395,민네트워크(주),황상택,분석,24745000,87.635,86.084,-1.89238 (98.10762),5 12,2016/04/12 08:38:44,낙찰하한선 미달
-62,1078167709,온세텔레콤(주),박준학,분석,24744590,87.634,86.083,-1.89400 (98.106),15 7,2016/04/11 20:24:25,낙찰하한선 미달
-63,1068127039,진명전기설비(주),박창호,분석,24743707,87.631,86.08,-1.89751 (98.10249),10 13,2016/04/11 18:01:56,낙찰하한선 미달
-64,2058140076,(주)제일첨단테크,김성수,분석,24743682,87.631,86.079,-1.89760 (98.1024),2 15,2016/04/12 09:05:37,낙찰하한선 미달
-65,2148805903,리조이스통신주식회사,최공휘,분석,24743650,87.631,86.079,-1.89773 (98.10227),9 1,2016/04/12 09:25:32,낙찰하한선 미달
-66,1088603552,(주)아이앤씨테크,김대진,분석,24743350,87.63,86.078,-1.89892 (98.10108),15 13,2016/04/12 00:08:25,낙찰하한선 미달
-67,2198106704,유복전기(주),유정식,분석,24742371,87.626,86.075,-1.90280 (98.0972),6 12,2016/04/11 22:24:23,낙찰하한선 미달
-68,2118620935,주식회사 한양티이씨,조형국,분석,24742144,87.625,86.074,-1.90370 (98.0963),1 14,2016/04/11 10:57:51,낙찰하한선 미달
-69,1018116968,(주)넥슨정보통신,신양인,분석,24740950,87.621,86.07,-1.90844 (98.09156),14 5,2016/04/11 08:37:09,낙찰하한선 미달
-70,1018178116,(주)오경컴텍,정한영,분석,24739673,87.617,86.066,-1.91350 (98.0865),4 7,2016/04/11 09:48:18,낙찰하한선 미달
-71,2018190031,주식회사 태건씨앤씨,김복수,분석,24739370,87.615,86.064,-1.91470 (98.0853),12 9,2016/04/11 08:37:28,낙찰하한선 미달
-72,1078153210,에이앤디엔지니어링 주식회사,이원락,분석,24739210,87.615,86.064,-1.91533 (98.08467),15 7,2016/04/11 18:25:12,낙찰하한선 미달
-73,1148633857,에스엠이엔지(주),이관휴,분석,24739117,87.615,86.064,-1.91570 (98.0843),14 12,2016/04/12 09:00:57,낙찰하한선 미달
-74,1068642694,우림정보시스템(주),조원희,분석,24738760,87.613,86.062,-1.91712 (98.08288),5 3,2016/04/11 08:44:09,낙찰하한선 미달
-75,1088184448,금산이씨엠에스 주식회사,김평재,분석,24738739,87.613,86.062,-1.91720 (98.0828),9 5,2016/04/11 15:28:06,낙찰하한선 미달
-76,1088122724,영진정보통신주식회사,김영식,분석,24737400,87.608,86.058,-1.92251 (98.07749),14 4,2016/04/11 17:26:17,낙찰하한선 미달
-77,1098153915,하비넷정보통신(주),이종훈,분석,24736594,87.606,86.055,-1.92571 (98.07429),3 1,2016/04/11 13:45:34,낙찰하한선 미달
-78,1108172440,주식회사 다보파워코리아,강희철,분석,24736293,87.605,86.054,-1.92690 (98.0731),14 10,2016/04/11 17:18:16,낙찰하한선 미달
-79,2130249995,에스에스브이,고영문,분석,24735930,87.603,86.052,-1.92834 (98.07166),9 7,2016/04/12 09:48:31,낙찰하한선 미달
-80,3058138619,(주)사이버텔브릿지,남백산,분석,24735688,87.602,86.052,-1.92930 (98.0707),6 11,2016/04/11 14:16:29,낙찰하한선 미달
-81,2208604531,주식회사 월드린시스템즈,류준열,분석,24735250,87.601,86.05,-1.93104 (98.06896),10 4,2016/04/12 09:36:19,낙찰하한선 미달
-82,1088175857,(주)디앤알텔레콤,이귀남,분석,24734931,87.6,86.049,-1.93230 (98.0677),1 5,2016/04/11 08:40:44,낙찰하한선 미달
-83,2048105154,우일정보기술 주식회사,이희문,분석,24734410,87.598,86.047,-1.93437 (98.06563),14 11,2016/04/11 18:23:52,낙찰하한선 미달
-84,2068643969,(주)삼우미디텍,표준영,분석,24733710,87.595,86.045,-1.93714 (98.06286),3 15,2016/04/11 17:38:13,낙찰하한선 미달
-85,1138628948,주식회사 씨큐프라임,이승열,분석,24733590,87.595,86.044,-1.93762 (98.06238),9 13,2016/04/12 09:18:24,낙찰하한선 미달
-86,2068643595,주식회사 정형텔레콤,심재호,분석,24732820,87.592,86.042,-1.94067 (98.05933),2 8,2016/04/11 14:02:15,낙찰하한선 미달
-87,2158607273,(주)미주전통,장원식,분석,24732592,87.591,86.041,-1.94157 (98.05843),6 3,2016/04/11 20:40:26,낙찰하한선 미달
-88,2068179365,(주)디노시스,성태동,분석,24731530,87.588,86.037,-1.94578 (98.05422),7 9,2016/04/12 08:57:30,낙찰하한선 미달
-89,1101185132,메이폴정보통신,박용진,분석,24731449,87.587,86.037,-1.94611 (98.05389),9 11,2016/04/11 19:29:48,낙찰하한선 미달
-90,1188119624,탑정보통신(주),오영권,분석,24731290,87.587,86.036,-1.94674 (98.05326),10 13,2016/04/11 08:30:48,낙찰하한선 미달
-91,6818700095,주식회사 진영이엔씨,조근호,분석,24730869,87.585,86.035,-1.94840 (98.0516),2 15,2016/04/11 09:37:31,낙찰하한선 미달
-92,1058622808,상무텔레콤 주식회사,한승열,분석,24729912,87.582,86.032,-1.95220 (98.0478),4 5,2016/04/11 09:24:46,낙찰하한선 미달
-93,1208660193,(주)에프앤피이엔지,김용구,분석,24729154,87.579,86.029,-1.95520 (98.0448),5 15,2016/04/12 09:57:13,낙찰하한선 미달
-94,1188111165,주식회사 세원이엔피디,이왕종,분석,24727690,87.574,86.024,-1.96101 (98.03899),2 13,2016/04/11 08:52:03,낙찰하한선 미달
-95,1098625336,(주)쏘울아이티,김승관,분석,24727338,87.573,86.023,-1.96240 (98.0376),1 15,2016/04/11 09:22:56,낙찰하한선 미달
-96,2290162579,우성전기통신,박노선,분석,24727010,87.572,86.021,-1.96370 (98.0363),1 7,2016/04/11 16:47:24,낙찰하한선 미달
-97,1098627673,주식회사케이넷,장용균,분석,24726700,87.571,86.02,-1.96493 (98.03507),3 1,2016/04/12 08:51:45,낙찰하한선 미달
-98,1198600031,(주)씨에스콘트롤즈,황순길,분석,24726632,87.57,86.02,-1.96520 (98.0348),7 11,2016/04/12 09:38:26,낙찰하한선 미달
-99,4168128895,(주)비아이씨스템,방인식,분석,24724500,87.563,86.013,-1.97366 (98.02634),14 10,2016/04/11 07:04:04,낙찰하한선 미달
-100,2158665818,주식회사 디지온,임원상,분석,24724180,87.562,86.012,-1.97492 (98.02508),2 1,2016/04/11 09:35:52,낙찰하한선 미달
-101,1068633138,포에스미디어(주),원태우,분석,24723049,87.558,86.008,-1.97941 (98.02059),4 9,2016/04/11 17:45:01,낙찰하한선 미달
-102,2208110305,(주)일신이앤드씨,홍영남,분석,24723000,87.557,86.008,-1.97960 (98.0204),2 13,2016/04/11 20:31:54,낙찰하한선 미달
-103,1118111994,봉등전기 주식회사,정기선,분석,24722170,87.555,86.005,-1.98289 (98.01711),10 12,2016/04/12 09:41:58,낙찰하한선 미달
-104,1098603050,(주)이루기술,박지현,분석,24721965,87.554,86.004,-1.98371 (98.01629),10 5,2016/04/11 17:07:12,낙찰하한선 미달
-105,1058186995,부원동력(주),이병의,분석,24721587,87.552,86.003,-1.98521 (98.01479),1 13,2016/04/11 20:03:11,낙찰하한선 미달
-106,1138148411,(주)풍천정보네트웍,김학봉,분석,24720780,87.55,86.0,-1.98841 (98.01159),6 15,2016/04/11 17:44:31,낙찰하한선 미달
-107,2018604729,주식회사 케이티 서비스 북부,정정수,분석,24720083,87.547,85.997,-1.99117 (98.00883),4 12,2016/04/12 09:12:34,낙찰하한선 미달
-108,1068660843,(주)세중미디어텍,김용욱,분석,24719600,87.545,85.996,-1.99308 (98.00692),8 1,2016/04/11 08:27:33,낙찰하한선 미달
-109,2158611006,(주)대경네트워크,이상국,분석,24719360,87.545,85.995,-1.99404 (98.00596),2 6,2016/04/11 09:42:03,낙찰하한선 미달
-110,2028158261,(주)수화정보통신,김승균,분석,24719000,87.543,85.994,-1.99546 (98.00454),2 12,2016/04/12 09:40:30,낙찰하한선 미달
-111,1168144224,제일정보건설 주식회사,김진철,분석,24718864,87.543,85.993,-1.99600 (98.004),5 12,2016/04/12 09:38:33,낙찰하한선 미달
-112,2038149028,대륭중공건설(주),박임우,분석,24718502,87.542,85.992,-1.99744 (98.00256),7 8,2016/04/11 17:51:30,낙찰하한선 미달
-113,2108128545,(주) 네오중앙데이타통신,박중호,분석,24717854,87.539,85.99,-2.00001 (97.99999),12 10,2016/04/12 09:22:19,낙찰하한선 미달
-114,1198153402,고현건설(주),이화선,분석,24717570,87.538,85.989,-2.00113 (97.99887),13 2,2016/04/11 15:32:33,낙찰하한선 미달
-115,1058164176,(주)신보파워텍,공민우,분석,24717550,87.538,85.989,-2.00121 (97.99879),12 4,2016/04/11 20:08:11,낙찰하한선 미달
-116,2188120528,(주)엠앤제이,하준석,분석,24717340,87.537,85.988,-2.00204 (97.99796),7 10,2016/04/12 08:55:14,낙찰하한선 미달
-117,1088195644,주식회사 메가넷,김현만,분석,24716790,87.535,85.986,-2.00422 (97.99578),4 15,2016/04/11 13:08:46,낙찰하한선 미달
-118,2048651425,주식회사 메이사운드,심문섭,분석,24716400,87.534,85.985,-2.00577 (97.99423),5 14,2016/04/11 10:58:40,낙찰하한선 미달
-119,2068617141,(주)텔코아,황민석,분석,24715100,87.529,85.98,-2.01092 (97.98908),1 6,2016/04/11 08:32:45,낙찰하한선 미달
-120,2068611905,(주)한포넷,이현우,분석,24715069,87.529,85.98,-2.01105 (97.98895),5 10,2016/04/11 08:54:11,낙찰하한선 미달
-121,1198637085,(주) 하이네트워크,이준수,분석,24714778,87.528,85.979,-2.01220 (97.9878),11 8,2016/04/11 11:07:02,낙찰하한선 미달
-122,1068690366,(주)윈투스시스템,신경익,분석,24713793,87.525,85.975,-2.01611 (97.98389),13 4,2016/04/11 23:29:01,낙찰하한선 미달
-123,2148891087,세경네트웍스 주식회사,장중석,분석,24711978,87.518,85.969,-2.02330 (97.9767),10 11,2016/04/11 15:19:57,낙찰하한선 미달
-124,1060133562,유진컴,박희섭,분석,24711770,87.518,85.968,-2.02413 (97.97587),6 4,2016/04/11 17:29:33,낙찰하한선 미달
-125,2068165221,유니슨전기(주),유창진,분석,24711599,87.517,85.968,-2.02481 (97.97519),1 5,2016/04/11 08:58:23,낙찰하한선 미달
-126,2098101546,교보정보통신(주),오교철,분석,24711440,87.517,85.967,-2.02544 (97.97456),4 10,2016/04/11 10:07:49,낙찰하한선 미달
-127,2158765528,삼마전기통신 주식회사,김완수,분석,24710900,87.515,85.965,-2.02758 (97.97242),10 2,2016/04/11 20:51:08,낙찰하한선 미달
-128,2208104161,대신정보기술(주),김형섭,분석,24710340,87.513,85.963,-2.02980 (97.9702),7 2,2016/04/11 14:32:48,낙찰하한선 미달
-129,2068172829,한사랑엔지니어링 주식회사,권갑순,분석,24710136,87.512,85.963,-2.03061 (97.96939),9 5,2016/04/12 09:09:52,낙찰하한선 미달
-130,1198611222,(주)제이에이티,이세창,분석,24709950,87.511,85.962,-2.03134 (97.96866),9 14,2016/04/11 09:30:45,낙찰하한선 미달
-131,1188116684,(주)랜원정보기술,박해영,분석,24709490,87.51,85.961,-2.03317 (97.96683),7 2,2016/04/11 09:26:53,낙찰하한선 미달
-132,1188120761,(주)동화이엔씨,이재원,분석,24709030,87.508,85.959,-2.03499 (97.96501),12 1,2016/04/12 09:38:49,낙찰하한선 미달
-133,1098617947,(주)소망아이앤티,서창숙,분석,24708850,87.507,85.958,-2.03570 (97.9643),3 9,2016/04/11 11:11:50,낙찰하한선 미달
-134,1090185322,주영시스템,임채열,분석,24708700,87.507,85.958,-2.03630 (97.9637),6 9,2016/04/11 09:42:52,낙찰하한선 미달
-135,2158640952,(주)에스티탑,민기동,분석,24708540,87.506,85.957,-2.03693 (97.96307),8 14,2016/04/11 16:17:03,낙찰하한선 미달
-136,2048182831,(주)세명에스엠지,박정필,분석,24708460,87.506,85.957,-2.03725 (97.96275),11 7,2016/04/11 09:37:40,낙찰하한선 미달
-137,2098130809,(주)엔트립,최종국,분석,24708120,87.505,85.956,-2.03860 (97.9614),9 5,2016/04/11 14:05:28,낙찰하한선 미달
-138,2108156959,두레에스텍 주식회사,유의근,분석,24707700,87.503,85.954,-2.04026 (97.95974),8 12,2016/04/11 16:56:29,낙찰하한선 미달
-139,1058813512,주식회사 아미넷,신용하,분석,24707480,87.503,85.954,-2.04114 (97.95886),3 13,2016/04/12 08:03:58,낙찰하한선 미달
-140,1138606420,(주)엠케이시큐리티,박상철,분석,24707140,87.501,85.952,-2.04248 (97.95752),10 15,2016/04/11 09:44:07,낙찰하한선 미달
-141,1298155066,일조텔레콤(주),김문섭,분석,24706700,87.5,85.951,-2.04423 (97.95577),13 8,2016/04/12 09:36:55,낙찰하한선 미달
-142,1198137042,(주)진명연합전설,엄재준,분석,24706455,87.499,85.95,-2.04520 (97.9548),14 11,2016/04/11 13:44:56,낙찰하한선 미달
-143,1088167041,(주)가디엘,최혜심,분석,24706200,87.498,85.949,-2.04621 (97.95379),12 2,2016/04/12 09:41:22,낙찰하한선 미달
-144,2148770450,주식회사 아리시스,이대섭,분석,24706178,87.498,85.949,-2.04630 (97.9537),9 3,2016/04/11 09:49:09,낙찰하한선 미달
-145,2178126102,(주)오버더케이블,이종구,분석,24705924,87.497,85.948,-2.04731 (97.95269),7 2,2016/04/12 09:15:12,낙찰하한선 미달
-146,2118895916,주식회사 지오통신,김영송,분석,24703805,87.489,85.941,-2.05571 (97.94429),10 11,2016/04/11 14:47:22,낙찰하한선 미달
-147,1058670315,주식회사 티엠엔에스,김진도,분석,24701380,87.481,85.932,-2.06532 (97.93468),9 14,2016/04/11 15:18:56,낙찰하한선 미달
-148,1138139080,(주)성강통신기술사사무소,안치영,분석,24701100,87.48,85.931,-2.06643 (97.93357),12 11,2016/04/11 10:28:35,낙찰하한선 미달
-149,1078212123,사단법인 장애인인권센터,김한배,분석,24700200,87.477,85.928,-2.07000 (97.93),11 13,2016/04/11 14:38:06,낙찰하한선 미달
-150,2158184144,주영건설 주식회사,서봉원,분석,24699317,87.474,85.925,-2.07350 (97.9265),5 8,2016/04/11 11:28:05,낙찰하한선 미달
-151,1408121321,하이엠테크(주),이기호,분석,24698800,87.472,85.923,-2.07555 (97.92445),1 12,2016/04/11 13:46:11,낙찰하한선 미달
-152,2118698428,테크노빌리지 주식회사,유인목,분석,24698585,87.471,85.923,-2.07640 (97.9236),13 5,2016/04/11 17:30:39,낙찰하한선 미달
-153,1078731896,(주)비시텍코리아,임헌욱,분석,24698357,87.47,85.922,-2.07731 (97.92269),9 6,2016/04/11 11:08:43,낙찰하한선 미달
-154,2378700035,주식회사 사운드플레이스,도상우,분석,24698280,87.47,85.922,-2.07761 (97.92239),7 6,2016/04/11 09:49:08,낙찰하한선 미달
-155,1130293323,성진정보통신,문계철,분석,24697300,87.466,85.918,-2.08150 (97.9185),14 12,2016/04/11 09:10:23,낙찰하한선 미달
-156,1068198683,주식회사티베이,이영미,분석,24697100,87.466,85.917,-2.08229 (97.91771),10 3,2016/04/11 08:29:24,낙찰하한선 미달
-157,1058640131,지구전자통신(주),조성인,분석,24696814,87.465,85.916,-2.08342 (97.91658),8 13,2016/04/11 08:50:29,낙찰하한선 미달
-158,1198655462,지티에스솔루션즈 주식회사,김민수,분석,24696743,87.464,85.916,-2.08371 (97.91629),4 6,2016/04/12 09:49:52,낙찰하한선 미달
-159,1078824918,주식회사 칸정보기술,정상훈,분석,24695910,87.462,85.913,-2.08701 (97.91299),14 5,2016/04/12 09:28:37,낙찰하한선 미달
-160,1138185963,주식회사 스마트메카,이명주,분석,24694580,87.457,85.909,-2.09228 (97.90772),1 8,2016/04/11 17:57:28,낙찰하한선 미달
-161,2148829787,주식회사 노바에스앤씨,최성운,분석,24693868,87.454,85.906,-2.09510 (97.9049),6 7,2016/04/11 16:40:34,낙찰하한선 미달
-162,2158691790,에이브이에스텍(주),박주영,분석,24693313,87.452,85.904,-2.09730 (97.9027),10 2,2016/04/12 08:57:03,낙찰하한선 미달
-163,2208108546,경림전기(주),김인형,분석,24693190,87.452,85.904,-2.09779 (97.90221),7 15,2016/04/11 09:35:08,낙찰하한선 미달
-164,1041477924,바로데이타통신,이홍일,분석,24691623,87.446,85.898,-2.10401 (97.89599),8 6,2016/04/11 23:04:22,낙찰하한선 미달
-165,1238135136,(주)청남통신,최재언,분석,24691195,87.445,85.897,-2.10570 (97.8943),13 3,2016/04/11 09:33:39,낙찰하한선 미달
-166,2068113024,(주)신우콤,곽영석,분석,24690000,87.441,85.893,-2.11044 (97.88956),13 4,2016/04/11 09:52:26,낙찰하한선 미달
-167,1068601621,주식회사 동양타브,이세근,분석,24689370,87.438,85.891,-2.11294 (97.88706),4 15,2016/04/11 17:20:47,낙찰하한선 미달
-168,1048178207,주식회사 씨에스티씨,김현숙,분석,24689030,87.437,85.889,-2.11429 (97.88571),9 6,2016/04/12 08:31:35,낙찰하한선 미달
-169,1088198146,주식회사 휴먼아이티씨,장영미,분석,24688870,87.437,85.889,-2.11492 (97.88508),8 9,2016/04/12 09:53:29,낙찰하한선 미달
-170,2048137258,대신엔에스(주),정동진,분석,24688647,87.436,85.888,-2.11580 (97.8842),4 2,2016/04/11 09:31:15,낙찰하한선 미달
-171,1188101629,거성전자산업(주),우정한,분석,24687276,87.431,85.883,-2.12124 (97.87876),15 1,2016/04/11 10:45:40,낙찰하한선 미달
-172,2148772161,주식회사 비에스아이시스템,박해용,분석,24687200,87.431,85.883,-2.12154 (97.87846),10 3,2016/04/11 08:21:54,낙찰하한선 미달
-173,2158620617,미디어텔레콤(주),김용대,분석,24685998,87.426,85.879,-2.12631 (97.87369),11 7,2016/04/12 09:31:41,낙찰하한선 미달
-174,2148745460,주식회사 앤앤에스피,김일용,분석,24685950,87.426,85.879,-2.12650 (97.8735),10 12,2016/04/11 16:05:21,낙찰하한선 미달
-175,1138642426,(주)제이에스인컴,김종성,분석,24683980,87.419,85.872,-2.13431 (97.86569),3 7,2016/04/11 14:58:09,낙찰하한선 미달
-176,2218111156,삼양에코너지(주),김윤호,분석,24683420,87.417,85.87,-2.13653 (97.86347),2 9,2016/04/11 10:15:26,낙찰하한선 미달
-177,1238187686,버추얼넷 주식회사,왕대열,분석,24682650,87.415,85.867,-2.13958 (97.86042),2 12,2016/04/12 07:55:49,낙찰하한선 미달
-178,1138618417,(주)씨에스플러스,장준영,분석,24682114,87.413,85.865,-2.14171 (97.85829),12 8,2016/04/12 08:59:25,낙찰하한선 미달
-179,1078148769,진한전설주식회사,최원석,분석,24681838,87.412,85.864,-2.14280 (97.8572),13 4,2016/04/12 08:41:31,낙찰하한선 미달
-180,2048191738,(주)동양전설,김상필,분석,24681534,87.411,85.863,-2.14401 (97.85599),8 7,2016/04/11 17:15:56,낙찰하한선 미달
-181,2188118793,한국영상(주),송화재,분석,24681509,87.411,85.863,-2.14410 (97.8559),12 1,2016/04/12 09:19:48,낙찰하한선 미달
-182,2198128028,(주)성신네트워크,강성범,분석,24681300,87.41,85.862,-2.14493 (97.85507),11 3,2016/04/11 09:57:50,낙찰하한선 미달
-183,2158197601,(주)알파시큐넷,채정신,분석,24681300,87.41,85.862,-2.14493 (97.85507),8 7,2016/04/11 15:38:35,낙찰하한선 미달
-184,1130855068,태광 정보 통신,조호칠,분석,24681004,87.409,85.861,-2.14611 (97.85389),3 1,2016/04/11 10:58:03,낙찰하한선 미달
-185,2158189983,주식회사아이티벨리,김기운,분석,24681000,87.409,85.861,-2.14612 (97.85388),3 5,2016/04/12 08:56:47,낙찰하한선 미달
-186,2048610496,주식회사김스애드,김진희,분석,24680500,87.407,85.86,-2.14811 (97.85189),13 1,2016/04/12 09:25:37,낙찰하한선 미달
-187,2148824685,육일정보통신(주),김영옥,분석,24680320,87.406,85.859,-2.14882 (97.85118),4 13,2016/04/11 15:19:21,낙찰하한선 미달
-188,2148749151,(주)왈도시스템,안재성,분석,24679335,87.403,85.856,-2.15272 (97.84728),15 2,2016/04/11 10:09:14,낙찰하한선 미달
-189,1098610416,(주)네시비스,이은섭,분석,24678340,87.399,85.852,-2.15667 (97.84333),14 6,2016/04/11 11:06:42,낙찰하한선 미달
-190,2148639466,(주)동방데이타테크놀러지,원덕숙,분석,24678190,87.399,85.852,-2.15726 (97.84274),13 8,2016/04/11 17:58:24,낙찰하한선 미달
-191,2128606367,주식회사 원플러스서비스,김영우,분석,24678060,87.398,85.851,-2.15778 (97.84222),3 2,2016/04/12 08:54:20,낙찰하한선 미달
-192,1068651233,(주)나사씨엔에스,신희태,분석,24677399,87.396,85.849,-2.16040 (97.8396),11 4,2016/04/11 09:15:29,낙찰하한선 미달
-193,1068615668,(주)솔로몬기술단기술사사무소,한선미,분석,24676616,87.393,85.846,-2.16350 (97.8365),10 14,2016/04/12 09:53:21,낙찰하한선 미달
-194,1208782160,에스엔에스이서비스주식회사,정경식,분석,24676600,87.393,85.846,-2.16357 (97.83643),5 11,2016/04/12 09:10:53,낙찰하한선 미달
-195,1208762238,(주)컴스정보기술,김응관,분석,24675980,87.391,85.844,-2.16603 (97.83397),9 14,2016/04/11 16:57:32,낙찰하한선 미달
-196,2208726454,한국랜트로비젼(주),조병진,분석,24675910,87.391,85.844,-2.16630 (97.8337),2 7,2016/04/11 13:24:22,낙찰하한선 미달
-197,1068602542,주식회사 유셀네트웍스,김구동,분석,24675757,87.39,85.843,-2.16691 (97.83309),11 1,2016/04/12 08:57:19,낙찰하한선 미달
-198,2098134713,키엔컴 주식회사,최성덕,분석,24674900,87.387,85.84,-2.17031 (97.82969),13 3,2016/04/11 09:37:46,낙찰하한선 미달
-199,1198195493,주식회사 인텍하우징,심인석,분석,24674321,87.385,85.838,-2.17260 (97.8274),12 10,2016/04/12 09:16:10,낙찰하한선 미달
-200,2048187419,(주)디지털우민,문장석,분석,24673830,87.383,85.836,-2.17455 (97.82545),8 4,2016/04/11 21:23:51,낙찰하한선 미달
-201,1108155382,(주)굿채널시스템,백홍현,분석,24673388,87.382,85.835,-2.17630 (97.8237),8 5,2016/04/11 09:43:51,낙찰하한선 미달
-202,1108137685,(주)링크엔존테크놀러지,성장연,분석,24673080,87.381,85.834,-2.17752 (97.82248),5 13,2016/04/11 10:20:08,낙찰하한선 미달
-203,1048635917,주식회사 비전에스엔씨,김국배,분석,24671455,87.375,85.828,-2.18397 (97.81603),6 1,2016/04/11 09:06:24,낙찰하한선 미달
-204,2018604618,(주)씨피에스일렉트론,안영균,분석,24671386,87.375,85.828,-2.18424 (97.81576),3 6,2016/04/11 15:17:31,낙찰하한선 미달
-205,1098647062,주식회사 조아정보통신,박민응,분석,24671193,87.374,85.827,-2.18500 (97.815),6 15,2016/04/12 08:06:31,낙찰하한선 미달
-206,2148161231,(주)유엔터스,이래철,분석,24671017,87.373,85.827,-2.18570 (97.8143),4 10,2016/04/11 09:26:32,낙찰하한선 미달
-207,2078127900,합동전자통신(주),하명용,분석,24670940,87.373,85.826,-2.18601 (97.81399),14 4,2016/04/12 08:32:24,낙찰하한선 미달
-208,2068120414,(주)일광기업,오도진,분석,24670100,87.37,85.823,-2.18934 (97.81066),4 15,2016/04/11 10:03:26,낙찰하한선 미달
-209,1062475052,한우리정보통신,전막동,분석,24669544,87.368,85.822,-2.19154 (97.80846),4 1,2016/04/11 17:19:58,낙찰하한선 미달
-210,1078715052,(주)에이스씨씨텍,신현종,분석,24669150,87.367,85.82,-2.19310 (97.8069),3 11,2016/04/11 09:23:39,낙찰하한선 미달
-211,1138156089,코아아이앤씨(주),김현모,분석,24669140,87.367,85.82,-2.19314 (97.80686),12 10,2016/04/11 09:40:20,낙찰하한선 미달
-212,2158687767,(주)에스앤디비즈,정성호,분석,24669000,87.366,85.82,-2.19370 (97.8063),9 12,2016/04/11 17:50:37,낙찰하한선 미달
-213,1058679451,주식회사 엘티정보통신,한형전,분석,24668940,87.366,85.819,-2.19394 (97.80606),5 15,2016/04/11 15:37:08,낙찰하한선 미달
-214,1198632979,성민전기 주식회사,김미영,분석,24668546,87.365,85.818,-2.19550 (97.8045),2 13,2016/04/12 09:30:00,낙찰하한선 미달
-215,2021067983,엘지전자통신공사,최태익,분석,24668470,87.364,85.818,-2.19580 (97.8042),7 12,2016/04/11 18:11:06,낙찰하한선 미달
-216,2068666263,세움기술 주식회사,주익중,분석,24667970,87.363,85.816,-2.19778 (97.80222),7 3,2016/04/12 09:25:59,낙찰하한선 미달
-217,2208626821,한성씨앤엔(주),한성,분석,24667900,87.362,85.816,-2.19806 (97.80194),8 11,2016/04/12 09:02:11,낙찰하한선 미달
-218,1138658082,주식회사 트랜지네트웍스,방유식,분석,24666175,87.356,85.81,-2.20490 (97.7951),13 15,2016/04/11 09:44:37,낙찰하한선 미달
-219,1100927653,주원SYSTEM,라승복,분석,24663940,87.348,85.802,-2.21376 (97.78624),5 14,2016/04/12 09:41:12,낙찰하한선 미달
-220,1138169250,코리아이지텔주식회사,임규학,분석,24663828,87.348,85.802,-2.21421 (97.78579),14 5,2016/04/12 09:26:17,낙찰하한선 미달
-221,2098161262,주식회사 아이에스인텍,황관홍,분석,24662500,87.343,85.797,-2.21947 (97.78053),1 2,2016/04/11 17:38:41,낙찰하한선 미달
-222,1078827346,주식회사 나원이엔씨,김상원,분석,24662300,87.342,85.796,-2.22026 (97.77974),5 4,2016/04/11 08:48:47,낙찰하한선 미달
-223,2048639509,주식회사 대한유비텍,강성철,분석,24662110,87.342,85.796,-2.22102 (97.77898),13 15,2016/04/11 17:45:36,낙찰하한선 미달
-224,2048190516,주식회사동훈전설,정준모,분석,24661892,87.341,85.795,-2.22188 (97.77812),8 13,2016/04/11 14:12:30,낙찰하한선 미달
-225,2048155843,(주)엔티에스씨,김기종,분석,24661773,87.341,85.795,-2.22235 (97.77765),8 7,2016/04/11 10:48:48,낙찰하한선 미달
-226,1178169252,엠에스온(주),이경미,분석,24660625,87.337,85.791,-2.22690 (97.7731),6 2,2016/04/12 09:36:48,낙찰하한선 미달
-227,1078757203,주식회사 비에스파워,정병섭,분석,24660270,87.335,85.789,-2.22831 (97.77169),9 6,2016/04/11 09:28:40,낙찰하한선 미달
-228,2108117956,(주)선광전설,권순광,분석,24659800,87.334,85.788,-2.23018 (97.76982),14 11,2016/04/11 16:29:58,낙찰하한선 미달
-229,1188113673,동해정보통신 주식회사,이창원,분석,24657240,87.325,85.779,-2.24033 (97.75967),10 12,2016/04/12 08:27:37,낙찰하한선 미달
-230,2178113330,(주)오성에스이엠,오성표,분석,24656280,87.321,85.775,-2.24413 (97.75587),5 3,2016/04/12 08:47:30,낙찰하한선 미달
-231,1148672452,(주)써티웨어,고병도,분석,24656260,87.321,85.775,-2.24421 (97.75579),9 10,2016/04/11 09:27:40,낙찰하한선 미달
-232,1058619564,주식회사 다상테크,김춘기,분석,24655733,87.319,85.773,-2.24630 (97.7537),12 8,2016/04/11 13:24:20,낙찰하한선 미달
-233,1388180782,동원티앤아이 주식회사,전효섭,분석,24655252,87.318,85.772,-2.24821 (97.75179),4 3,2016/04/12 08:32:39,낙찰하한선 미달
-234,2068606891,수미디어통신 주식회사,하학수,분석,24654670,87.315,85.77,-2.25051 (97.74949),2 4,2016/04/11 09:08:00,낙찰하한선 미달
-235,1058163594,(주)영원씨앤아이,김성호,분석,24654670,87.315,85.77,-2.25051 (97.74949),13 4,2016/04/11 11:39:16,낙찰하한선 미달
-236,1198178757,주식회사우신아이앤씨,이화세,분석,24654590,87.315,85.77,-2.25083 (97.74917),9 7,2016/04/11 18:45:18,낙찰하한선 미달
-237,1018211295,사단법인 한국장애인이워크협회,조무호,분석,24654550,87.315,85.769,-2.25099 (97.74901),13 14,2016/04/11 16:09:23,낙찰하한선 미달
-238,1108154781,(주)태경전업,정태홍,분석,24653764,87.312,85.767,-2.25411 (97.74589),7 15,2016/04/11 18:36:12,낙찰하한선 미달
-239,2208657396,(주)가온네트,오장환,분석,24653750,87.312,85.767,-2.25416 (97.74584),14 8,2016/04/11 14:10:09,낙찰하한선 미달
-240,1208663604,주식회사 한은씨앤씨,김기현,분석,24653261,87.31,85.765,-2.25610 (97.7439),14 5,2016/04/12 09:47:05,낙찰하한선 미달
-241,1062873386,이행정보통신공사,오흥식,분석,24653050,87.31,85.764,-2.25694 (97.74306),8 3,2016/04/11 09:13:44,낙찰하한선 미달
-242,1228174607,(주)솔모정보기술,이병두,분석,24652932,87.309,85.764,-2.25741 (97.74259),7 13,2016/04/12 08:56:55,낙찰하한선 미달
-243,1058645500,태지종합건설(주),박소연,분석,24652230,87.307,85.761,-2.26019 (97.73981),12 9,2016/04/12 08:35:20,낙찰하한선 미달
-244,2188120741,케이씨티정보통신(주),백형은,분석,24652150,87.307,85.761,-2.26051 (97.73949),12 6,2016/04/12 09:32:12,낙찰하한선 미달
-245,2208865207,주식회사 소나텍,최성욱,분석,24651630,87.305,85.759,-2.26257 (97.73743),7 14,2016/04/11 17:14:27,낙찰하한선 미달
-246,2258115381,(주)인하통신,이춘범,분석,24651504,87.304,85.759,-2.26307 (97.73693),8 9,2016/04/11 16:51:38,낙찰하한선 미달
-247,1168172133,(주)유니드정보기술,김광훈,분석,24651260,87.303,85.758,-2.26403 (97.73597),1 15,2016/04/11 13:42:52,낙찰하한선 미달
-248,1078677070,씨지에스아이티(주),최규식,분석,24651160,87.303,85.758,-2.26443 (97.73557),2 9,2016/04/12 09:14:14,낙찰하한선 미달
-249,2118774990,(주)제이에프텍,김중규,분석,24650965,87.302,85.757,-2.26520 (97.7348),2 4,2016/04/11 15:19:21,낙찰하한선 미달
-250,2108122823,우영정보통신(주),황인희,분석,24650940,87.302,85.757,-2.26530 (97.7347),4 5,2016/04/12 09:11:12,낙찰하한선 미달
-251,1058169109,大朝電設 株式會社,장철호,분석,24650410,87.3,85.755,-2.26740 (97.7326),12 1,2016/04/11 11:16:06,낙찰하한선 미달
-252,2158640364,(주)엠오에스강북,이한섭,분석,24649950,87.299,85.753,-2.26923 (97.73077),10 6,2016/04/12 09:09:36,낙찰하한선 미달
-253,1088182120,(주) 포스콤 에스아이,양병기,분석,24649620,87.298,85.752,-2.27054 (97.72946),9 5,2016/04/11 14:05:45,낙찰하한선 미달
-254,1108131416,중앙하이텔 주식회사,김광헌,분석,24648820,87.295,85.749,-2.27371 (97.72629),9 1,2016/04/11 10:35:53,낙찰하한선 미달
-255,2138638203,한국기술서비스(주),김병룡,분석,24648260,87.293,85.747,-2.27593 (97.72407),8 10,2016/04/11 16:47:14,낙찰하한선 미달
-256,1078616772,노드링크주식회사,장용철,분석,24648141,87.292,85.747,-2.27640 (97.7236),11 6,2016/04/11 17:45:14,낙찰하한선 미달
-257,1068178635,(주)지아이테크놀러지,홍영우,분석,24647888,87.291,85.746,-2.27740 (97.7226),2 4,2016/04/12 09:10:34,낙찰하한선 미달
-258,1078197085,(주)코어넷,소흥섭,분석,24647100,87.289,85.743,-2.28053 (97.71947),4 12,2016/04/11 20:00:48,낙찰하한선 미달
-259,2158686415,(주)새빛엔에스,김상욱,분석,24643770,87.277,85.732,-2.29373 (97.70627),9 2,2016/04/11 10:37:05,낙찰하한선 미달
-260,1178122655,셀렉트정보기술(주),임윤정,분석,24643350,87.275,85.73,-2.29540 (97.7046),15 8,2016/04/12 00:39:17,낙찰하한선 미달
-261,1138669143,홈넷홈 주식회사,이성철,분석,24643000,87.274,85.729,-2.29678 (97.70322),14 13,2016/04/11 10:26:13,낙찰하한선 미달
-262,2148685145,(주)티씨아이네트,하근호,분석,24642900,87.274,85.729,-2.29718 (97.70282),9 3,2016/04/11 13:12:46,낙찰하한선 미달
-263,1138150993,주식회사 우진정보,배재중,분석,24641000,87.267,85.722,-2.30471 (97.69529),14 7,2016/04/11 15:37:47,낙찰하한선 미달
-264,2548800191,신용전기통신 주식회사,정지택,분석,24640800,87.266,85.722,-2.30551 (97.69449),12 8,2016/04/12 09:19:19,낙찰하한선 미달
-265,2208176739,(주)케이써비스,이난희,분석,24640297,87.265,85.72,-2.30750 (97.6925),12 11,2016/04/12 09:05:55,낙찰하한선 미달
-266,1108604272,소리콤 주식회사,정재홍,분석,24639994,87.264,85.719,-2.30870 (97.6913),9 3,2016/04/12 01:39:39,낙찰하한선 미달
-267,1208198485,에스디엔정보통신(주),이병철,분석,24639652,87.262,85.718,-2.31006 (97.68994),8 5,2016/04/11 16:08:45,낙찰하한선 미달
-268,2178135988,주식회사 조은정보,조용정,분석,24637700,87.255,85.711,-2.31780 (97.6822),1 6,2016/04/11 10:02:20,낙찰하한선 미달
-269,2088115241,한애전자(주),최용경,분석,24637300,87.254,85.709,-2.31938 (97.68062),14 3,2016/04/11 14:41:44,낙찰하한선 미달
-270,1198625764,(주)아이네스,윤병옥,분석,24633688,87.241,85.697,-2.33370 (97.6663),5 7,2016/04/11 11:48:48,낙찰하한선 미달
-271,1078640952,(주)바비젼,이주일,분석,24633450,87.24,85.696,-2.33465 (97.66535),12 2,2016/04/12 08:54:56,낙찰하한선 미달
-272,1108194973,주식회사 엔에스정보통신,임정빈,분석,24633000,87.239,85.694,-2.33643 (97.66357),5 14,2016/04/11 08:49:53,낙찰하한선 미달
-273,1058814068,주식회사 한강통신건설,최문봉,분석,24632790,87.238,85.694,-2.33726 (97.66274),7 5,2016/04/11 09:24:37,낙찰하한선 미달
-274,2068193673,지에스네트웍스(주),임동배,분석,24631330,87.233,85.689,-2.34305 (97.65695),6 8,2016/04/11 19:09:47,낙찰하한선 미달
-275,1138634061,엔케이전기 주식회사,양남규,분석,24631250,87.233,85.688,-2.34337 (97.65663),9 7,2016/04/12 08:19:14,낙찰하한선 미달
-276,2148823314,화인정보기술주식회사,이명우,분석,24631030,87.232,85.688,-2.34424 (97.65576),1 12,2016/04/12 09:00:00,낙찰하한선 미달
-277,2078149656,코리아데이타코퍼레이션(주),이기철,분석,24630900,87.231,85.687,-2.34476 (97.65524),1 7,2016/04/11 17:18:11,낙찰하한선 미달
-278,2068196840,주식회사 혜성이티에스,이상영,분석,24630610,87.23,85.686,-2.34591 (97.65409),15 1,2016/04/11 16:26:12,낙찰하한선 미달
-279,1018605466,금부통신 주식회사,정재학,분석,24630500,87.23,85.686,-2.34634 (97.65366),12 2,2016/04/11 17:20:50,낙찰하한선 미달
-280,2148787136,주식회사 제일운용기술,홍성철,분석,24630308,87.229,85.685,-2.34710 (97.6529),10 7,2016/04/11 15:57:02,낙찰하한선 미달
-281,1078156371,아주전자시스템(주),이재훈,분석,24628900,87.224,85.68,-2.35269 (97.64731),7 8,2016/04/11 07:22:07,낙찰하한선 미달
-282,1128141680,주식회사엠케이씨티,장재철,분석,24628500,87.223,85.679,-2.35427 (97.64573),1 12,2016/04/12 08:40:00,낙찰하한선 미달
-283,1108179439,(주)공간하이테크,홍진학,분석,24627710,87.22,85.676,-2.35740 (97.6426),3 1,2016/04/12 09:26:03,낙찰하한선 미달
-284,2178134000,(주)에스엠텔레콤,오현택,분석,24627630,87.22,85.676,-2.35772 (97.64228),15 5,2016/04/11 16:39:19,낙찰하한선 미달
-285,1138157550,뉴코리아전자통신 주식회사,조영순,분석,24627433,87.219,85.675,-2.35850 (97.6415),12 3,2016/04/12 08:53:13,낙찰하한선 미달
-286,1228167163,하이테크텔(주),송점희,분석,24626878,87.217,85.673,-2.36070 (97.6393),4 8,2016/04/12 07:09:27,낙찰하한선 미달
-287,1138188878,주식회사 신영이엔티,이찬세,분석,24626440,87.215,85.672,-2.36244 (97.63756),7 14,2016/04/11 13:22:36,낙찰하한선 미달
-288,2148781807,(주)창리정보통신,정종호,분석,24625660,87.213,85.669,-2.36553 (97.63447),4 13,2016/04/11 09:06:41,낙찰하한선 미달
-289,1198174315,주식회사 다솜이엔씨,송인주,분석,24625617,87.213,85.669,-2.36570 (97.6343),7 15,2016/04/12 08:39:38,낙찰하한선 미달
-290,1168163954,삼이정보통신(주),김병수,분석,24625591,87.212,85.669,-2.36581 (97.63419),4 2,2016/04/11 16:28:57,낙찰하한선 미달
-291,2208604069,(주)빌릿,김홍식,분석,24624640,87.209,85.665,-2.36958 (97.63042),3 4,2016/04/11 10:01:11,낙찰하한선 미달
-292,2158690656,금성통신건설(주),윤영신,분석,24623490,87.205,85.661,-2.37414 (97.62586),1 4,2016/04/12 08:50:15,낙찰하한선 미달
-293,2298138601,(주)우원씨앤이,이운재,분석,24622770,87.203,85.659,-2.37699 (97.62301),1 11,2016/04/11 17:07:53,낙찰하한선 미달
-294,1178188899,주식회사 시큐렉스,최영희,분석,24621700,87.199,85.655,-2.38123 (97.61877),6 7,2016/04/11 08:42:12,낙찰하한선 미달
-295,1128152663,한국아이디정보(주),송찬호,분석,24619420,87.191,85.647,-2.39027 (97.60973),10 2,2016/04/12 09:39:08,낙찰하한선 미달
-296,2148132740,(주)융시스템,박진기,분석,24619195,87.19,85.646,-2.39116 (97.60884),13 11,2016/04/11 13:18:13,낙찰하한선 미달
-297,1078626760,두인전기통신(주),안병배,분석,24619184,87.19,85.646,-2.39121 (97.60879),4 10,2016/04/11 17:30:17,낙찰하한선 미달
-298,1198158412,애드넷정보통신(주),박상흥,분석,24618530,87.187,85.644,-2.39380 (97.6062),15 2,2016/04/11 19:39:06,낙찰하한선 미달
-299,2678600121,주식회사 발해정보통신,정재우,분석,24617621,87.184,85.641,-2.39740 (97.6026),7 15,2016/04/11 10:18:38,낙찰하한선 미달
-300,1148692327,주식회사 우진미디어테크,김상범,분석,24617338,87.183,85.64,-2.39853 (97.60147),2 7,2016/04/11 09:03:25,낙찰하한선 미달
-301,2108173598,동우정보통신(주),권영옥,분석,24613000,87.168,85.625,-2.41573 (97.58427),14 8,2016/04/12 08:41:29,낙찰하한선 미달
-302,2068690079,주식회사 제이넷시스템즈,이재천,분석,24612780,87.167,85.624,-2.41660 (97.5834),7 5,2016/04/11 11:28:56,낙찰하한선 미달
-303,1068627183,한국씨텍(주),박재규,분석,24612400,87.166,85.623,-2.41810 (97.5819),14 12,2016/04/12 09:50:42,낙찰하한선 미달
-304,1148664613,(주)상우정보기술,하문한,분석,24611130,87.161,85.618,-2.42314 (97.57686),4 13,2016/04/11 09:51:45,낙찰하한선 미달
-305,1058764538,(주)에스엔에스아이씨티,박성수,분석,24608843,87.153,85.61,-2.43221 (97.56779),11 3,2016/04/12 09:54:45,낙찰하한선 미달
-306,1074870357,영진정보통신,김종규,분석,24608610,87.152,85.61,-2.43313 (97.56687),3 2,2016/04/11 10:00:46,낙찰하한선 미달
-307,1108179327,(주) 유엘네트웍스,정재순,분석,24608460,87.152,85.609,-2.43373 (97.56627),13 11,2016/04/12 09:27:13,낙찰하한선 미달
-308,1078682044,명승파워넷 주식회사,공건식,분석,24607350,87.148,85.605,-2.43813 (97.56187),8 7,2016/04/11 09:32:23,낙찰하한선 미달
-309,1288610057,주식회사 청명씨앤아이,문현민,분석,24607350,87.148,85.605,-2.43813 (97.56187),14 8,2016/04/11 10:02:08,낙찰하한선 미달
-310,1108609224,주식회사 두루스코,김옥연,분석,24607200,87.147,85.605,-2.43872 (97.56128),5 13,2016/04/12 09:19:42,낙찰하한선 미달
-311,2098122288,하나로넷주식회사,이오,분석,24606090,87.143,85.601,-2.44312 (97.55688),11 14,2016/04/11 15:18:54,낙찰하한선 미달
-312,1058628520,(주)청명서비스,최윤영,분석,24605539,87.141,85.599,-2.44531 (97.55469),2 14,2016/04/11 12:27:02,낙찰하한선 미달
-313,5298100062,주식회사 알에프코리아,신현성,분석,24604830,87.139,85.596,-2.44812 (97.55188),1 7,2016/04/11 09:24:27,낙찰하한선 미달
-314,2158721947,(주)엠지브이보안시스템,김흥국,분석,24604708,87.139,85.596,-2.44860 (97.5514),6 1,2016/04/11 10:12:18,낙찰하한선 미달
-315,2158686337,(주)멜타이앤씨,정수봉,분석,24604280,87.137,85.594,-2.45030 (97.5497),4 5,2016/04/11 07:26:28,낙찰하한선 미달
-316,2108122973,인터컴넷(주),양지호,분석,24603570,87.135,85.592,-2.45311 (97.54689),8 15,2016/04/11 09:32:48,낙찰하한선 미달
-317,2158187404,두이전기통신(주),김진수,분석,24602310,87.13,85.588,-2.45811 (97.54189),9 11,2016/04/12 08:57:10,낙찰하한선 미달
-318,2048146873,(주)세원네트웍스,인석진,분석,24598520,87.117,85.574,-2.47313 (97.52687),11 12,2016/04/11 09:23:18,낙찰하한선 미달
-319,2118168569,삼익정보통신(주),김진섭,분석,24597320,87.112,85.57,-2.47789 (97.52211),6 9,2016/04/11 21:56:40,낙찰하한선 미달
-320,1018172790,(주)공신데이타,서만식,분석,24597260,87.112,85.57,-2.47813 (97.52187),7 15,2016/04/11 14:24:53,낙찰하한선 미달
-321,1148137386,(주)유일엔지니어링,신우현,분석,24596788,87.11,85.568,-2.48000 (97.52),15 10,2016/04/12 09:51:01,낙찰하한선 미달
-322,1198623368,오즈이앤씨(주),오정환,분석,24596090,87.108,85.566,-2.48277 (97.51723),10 4,2016/04/11 13:40:37,낙찰하한선 미달
-323,1098160833,주식회사포트론,곽정례,분석,24595513,87.106,85.564,-2.48506 (97.51494),8 15,2016/04/12 07:25:28,낙찰하한선 미달
-324,2148180640,(주)남인정보통신,김남호,분석,24594190,87.101,85.559,-2.49030 (97.5097),15 6,2016/04/12 08:58:43,낙찰하한선 미달
-325,2028136990,(주)무궁화전자,이효형,분석,24593734,87.1,85.558,-2.49211 (97.50789),12 2,2016/04/11 15:18:00,낙찰하한선 미달
-326,1118101759,신원전설(주),심한섭,분석,24593200,87.098,85.556,-2.49423 (97.50577),8 5,2016/04/12 09:05:04,낙찰하한선 미달
-327,2068184529,(주)네오티엔씨,조정현,분석,24590300,87.088,85.546,-2.50573 (97.49427),5 12,2016/04/11 09:31:52,낙찰하한선 미달
-328,2038159910,태영통신전설(주),김진기,분석,24589423,87.084,85.543,-2.50920 (97.4908),6 14,2016/04/12 09:34:53,낙찰하한선 미달
-329,2078147814,(주)대호엔지니어링,윤용상,분석,24587181,87.076,85.535,-2.51809 (97.48191),13 2,2016/04/11 10:00:31,낙찰하한선 미달
-330,1138694415,건웅정보통신 주식회사,김지유,분석,24586420,87.074,85.532,-2.52111 (97.47889),2 14,2016/04/11 10:33:14,낙찰하한선 미달
-331,2068694508,주식회사 웰정보기술,강희춘,분석,24585982,87.072,85.531,-2.52284 (97.47716),4 2,2016/04/12 08:12:43,낙찰하한선 미달
-332,2068164028,주식회사 이지아이앤씨,김한복,분석,24583500,87.063,85.522,-2.53269 (97.46731),10 12,2016/04/12 09:00:21,낙찰하한선 미달
-333,1138192009,(주)엘트정보기술,김용호,분석,24580670,87.053,85.512,-2.54391 (97.45609),12 8,2016/04/11 17:07:41,낙찰하한선 미달
-334,2118836479,(주)에스피엔이,이정임,분석,24579687,87.05,85.509,-2.54780 (97.4522),9 12,2016/04/11 08:48:14,낙찰하한선 미달
-335,2188119278,한국씨네텍(주),김춘만,분석,24579060,87.048,85.507,-2.55029 (97.44971),5 7,2016/04/11 10:07:46,낙찰하한선 미달
-336,1058162163,(주)대한종합산전,이섭,분석,24578640,87.046,85.505,-2.55195 (97.44805),1 5,2016/04/11 09:19:15,낙찰하한선 미달
-337,1198623733,주식회사 케이비티정보통신,유진호,분석,24578198,87.045,85.504,-2.55371 (97.44629),11 4,2016/04/11 16:57:18,낙찰하한선 미달
-338,1098133637,주식회사 화인컴,김창만,분석,24577266,87.041,85.501,-2.55740 (97.4426),7 10,2016/04/11 10:50:41,낙찰하한선 미달
-339,1058777047,(주)텔레큐브,정영신,분석,24575676,87.036,85.495,-2.56371 (97.43629),15 8,2016/04/11 15:11:35,낙찰하한선 미달
-340,1208147588,서현정보통신(주),배상만,분석,24575470,87.035,85.494,-2.56452 (97.43548),1 12,2016/04/11 19:51:03,낙찰하한선 미달
-341,1148626472,주식회사 엠오에스강남,곽봉군,분석,24573785,87.029,85.488,-2.57120 (97.4288),14 13,2016/04/11 09:10:48,낙찰하한선 미달
-342,2101252831,유비아이티,김창갑,분석,24573450,87.028,85.487,-2.57253 (97.42747),12 2,2016/04/11 17:15:04,낙찰하한선 미달
-343,2158601380,세계정보시스템(주),최용이,분석,24573300,87.027,85.487,-2.57313 (97.42687),1 12,2016/04/12 08:33:16,낙찰하한선 미달
-344,1120180788,대성미디어,김상봉,분석,24573154,87.027,85.486,-2.57370 (97.4263),1 5,2016/04/11 17:03:07,낙찰하한선 미달
-345,2188117964,(주)투윈스컴,박성하,분석,24572270,87.024,85.483,-2.57721 (97.42279),8 7,2016/04/11 06:46:06,낙찰하한선 미달
-346,2088115955,대건통신건설(주),양승범,분석,24571940,87.022,85.482,-2.57852 (97.42148),9 6,2016/04/11 14:10:32,낙찰하한선 미달
-347,1198638672,신아네트웍스 주식회사,박성인,분석,24570632,87.018,85.477,-2.58370 (97.4163),7 2,2016/04/12 09:36:13,낙찰하한선 미달
-348,2048620126,(주)상부사종합건설,이상만,분석,24570132,87.016,85.476,-2.58569 (97.41431),5 14,2016/04/12 06:55:49,낙찰하한선 미달
-349,1188109975,(주)부광네트워크,박경진,분석,24569900,87.015,85.475,-2.58661 (97.41339),5 4,2016/04/11 16:33:51,낙찰하한선 미달
-350,2148668087,주식회사 네오티스,이운학,분석,24567560,87.007,85.467,-2.59588 (97.40412),11 15,2016/04/12 09:24:30,낙찰하한선 미달
-351,1200582335,델타전자통신,이성남,분석,24566520,87.003,85.463,-2.60001 (97.39999),15 12,2016/04/11 09:32:52,낙찰하한선 미달
-352,2098155983,주식회사 케이텍솔루션,임경택,분석,24565587,87.0,85.46,-2.60371 (97.39629),2 10,2016/04/11 15:33:01,낙찰하한선 미달
-353,2068650742,한선씨앤씨 주식회사,장홍식,분석,24565537,87.0,85.46,-2.60390 (97.3961),5 14,2016/04/11 13:58:56,낙찰하한선 미달
-354,1218140540,영현정보통신(주),김두식,분석,24563752,86.993,85.453,-2.61098 (97.38902),11 8,2016/04/11 09:11:28,낙찰하한선 미달
-355,1058762452,주식회사 제이엠시스,최지만,분석,24563670,86.993,85.453,-2.61131 (97.38869),15 4,2016/04/12 08:08:28,낙찰하한선 미달
-356,1178175429,주식회사 아이씨스템,서현권,분석,24562788,86.99,85.45,-2.61480 (97.3852),2 3,2016/04/11 09:10:23,낙찰하한선 미달
-357,1138607472,조은케이블서비스주식회사,이을복,분석,24562687,86.99,85.45,-2.61520 (97.3848),8 1,2016/04/12 07:22:21,낙찰하한선 미달
-358,2308105959,주식회사 리치전기정보통신,김혜정,분석,24562610,86.989,85.45,-2.61551 (97.38449),4 6,2016/04/11 09:04:19,낙찰하한선 미달
-359,1198191309,용진하이테크에너지 주식회사,김진석,분석,24561580,86.986,85.446,-2.61959 (97.38041),13 3,2016/04/11 16:43:22,낙찰하한선 미달
-360,1058132562,주식회사 신보기전,정종욱,분석,24560500,86.982,85.442,-2.62387 (97.37613),7 14,2016/04/12 09:39:12,낙찰하한선 미달
-361,2138633324,(주)서경엔씨에스,김진태,분석,24559500,86.978,85.439,-2.62784 (97.37216),4 13,2016/04/11 09:11:23,낙찰하한선 미달
-362,1178164238,(주)에스브로텍,안경환,분석,24559460,86.978,85.439,-2.62800 (97.372),7 8,2016/04/11 09:33:57,낙찰하한선 미달
-363,2018182230,주식회사 본네트시큐,최수기,분석,24557642,86.972,85.432,-2.63521 (97.36479),4 9,2016/04/11 15:28:07,낙찰하한선 미달
-364,2048626080,주식회사 엘제이이엔지,임성희,분석,24556570,86.968,85.429,-2.63946 (97.36054),4 14,2016/04/11 05:48:37,낙찰하한선 미달
-365,1138630143,주식회사일하유비넷,박상규,분석,24556300,86.967,85.428,-2.64053 (97.35947),3 1,2016/04/12 08:59:16,낙찰하한선 미달
-366,1198132561,신한동력(주),오재근,분석,24555171,86.963,85.424,-2.64500 (97.355),11 8,2016/04/11 13:11:47,낙찰하한선 미달
-367,2148645634,한국전자금융주식회사,구자성,분석,24555000,86.962,85.423,-2.64568 (97.35432),10 4,2016/04/12 08:55:46,낙찰하한선 미달
-368,1138191825,유경 주식회사,윤성호,분석,24552750,86.955,85.415,-2.65460 (97.3454),10 11,2016/04/11 09:31:44,낙찰하한선 미달
-369,1098120807,(주)케이비에스비즈니스,강선규,분석,24549384,86.943,85.404,-2.66795 (97.33205),10 8,2016/04/12 09:48:16,낙찰하한선 미달
-370,1098197140,(주)코맥스시큐리티,김종정,분석,24549300,86.942,85.403,-2.66828 (97.33172),13 2,2016/04/11 19:54:12,낙찰하한선 미달
-371,2158764820,(주)아이앤아이텔레콤,권영철,분석,24548550,86.94,85.401,-2.67125 (97.32875),3 11,2016/04/12 09:48:08,낙찰하한선 미달
-372,2117299696,성원전자통신,성기신,분석,24548230,86.939,85.4,-2.67252 (97.32748),8 15,2016/04/11 09:53:16,낙찰하한선 미달
-373,1078776699,주식회사 대성아이엔티,이성광,분석,24547820,86.937,85.398,-2.67415 (97.32585),11 8,2016/04/11 16:46:37,낙찰하한선 미달
-374,1058153698,진우산전(주),정진태,분석,24547149,86.935,85.396,-2.67681 (97.32319),6 8,2016/04/11 18:52:28,낙찰하한선 미달
-375,1138633645,주식회사 와이넷,석지윤,분석,24543860,86.923,85.384,-2.68985 (97.31015),5 8,2016/04/11 13:30:27,낙찰하한선 미달
-376,1288147108,주식회사 씨앤씨전력,정행엽,분석,24543854,86.923,85.384,-2.68987 (97.31013),14 7,2016/04/11 17:36:55,낙찰하한선 미달
-377,2148847295,티에스퓨처 주식회사,김명성,분석,24543065,86.92,85.382,-2.69300 (97.307),2 7,2016/04/11 18:16:58,낙찰하한선 미달
-378,1178164451,(주)지엠디텔레콤,김창윤,분석,24537540,86.901,85.362,-2.71491 (97.28509),4 14,2016/04/11 09:17:54,낙찰하한선 미달
-379,2088100603,(주)전우사,이은지,분석,24535740,86.894,85.356,-2.72204 (97.27796),2 6,2016/04/11 13:29:33,낙찰하한선 미달
-380,1108609336,삼광전기통신(주),구만회,분석,24534666,86.89,85.352,-2.72630 (97.2737),8 15,2016/04/11 10:30:13,낙찰하한선 미달
-381,1108140593,(주)대건이엔씨,이황희,분석,24534050,86.888,85.35,-2.72874 (97.27126),6 2,2016/04/11 18:00:35,낙찰하한선 미달
-382,1088114068,(주)대인정보통신,유재호,분석,24533833,86.888,85.349,-2.72960 (97.2704),11 12,2016/04/11 16:46:24,낙찰하한선 미달
-383,1098195410,(주)신성글로벌네트워크,홍우석,분석,24532520,86.883,85.345,-2.73481 (97.26519),11 15,2016/04/11 11:03:08,낙찰하한선 미달
-384,1198650754,비젼전자통신 주식회사,홍성수,분석,24532490,86.883,85.345,-2.73493 (97.26507),12 1,2016/04/11 09:29:16,낙찰하한선 미달
-385,1138635212,(주)아이제이일렉트론,김도형,분석,24531900,86.881,85.343,-2.73727 (97.26273),7 6,2016/04/11 16:53:22,낙찰하한선 미달
-386,1058606899,이화티티씨(주),이선정,분석,24530451,86.876,85.338,-2.74301 (97.25699),2 11,2016/04/11 15:24:16,낙찰하한선 미달
-387,1058649262,주식회사 노하우정보통신,임창배,분석,24529595,86.873,85.335,-2.74640 (97.2536),7 4,2016/04/11 16:15:04,낙찰하한선 미달
-388,1058693453,주식회사태융정보통신,문성준,분석,24529500,86.872,85.334,-2.74678 (97.25322),13 10,2016/04/10 15:51:04,낙찰하한선 미달
-389,2148134127,(주)대경텔레콤,오병도,분석,24528400,86.868,85.331,-2.75114 (97.24886),1 14,2016/04/12 09:42:34,낙찰하한선 미달
-390,2098121862,거우전설주식회사,김영훈,분석,24527438,86.865,85.327,-2.75496 (97.24504),11 10,2016/04/11 10:38:34,낙찰하한선 미달
-391,1198103936,삼화통신공업 주식회사,윤태호,분석,24527000,86.863,85.326,-2.75669 (97.24331),8 2,2016/04/11 09:55:21,낙찰하한선 미달
-392,1128148359,(주)펜타콤씨엔씨,최상록,분석,24525110,86.857,85.319,-2.76419 (97.23581),7 14,2016/04/11 09:34:13,낙찰하한선 미달
-393,1138137229,두복산전(주),이영두,분석,24523520,86.851,85.314,-2.77049 (97.22951),2 12,2016/04/11 09:32:23,낙찰하한선 미달
-394,1138185570,(주)승일전력산업,박광수,분석,24522250,86.847,85.309,-2.77553 (97.22447),15 13,2016/04/11 12:14:18,낙찰하한선 미달
-395,2178141893,주식회사대웅텔레콤,전진숙,분석,24520400,86.84,85.303,-2.78286 (97.21714),12 15,2016/04/11 09:05:44,낙찰하한선 미달
-396,1138622662,퍼스트아이앤씨 주식회사,이상홍,분석,24520339,86.84,85.302,-2.78310 (97.2169),2 3,2016/04/11 23:19:18,낙찰하한선 미달
-397,1138184945,에스엠티정보기술(주),이묵희,분석,24519112,86.835,85.298,-2.78797 (97.21203),7 8,2016/04/11 14:48:36,낙찰하한선 미달
-398,1108157338,(주)메트로컴넷,최선민,분석,24516278,86.825,85.288,-2.79920 (97.2008),9 1,2016/04/12 09:01:15,낙찰하한선 미달
-399,2158743335,(주)세림파워텍,박용갑,분석,24513891,86.817,85.28,-2.80867 (97.19133),7 1,2016/04/12 08:01:44,낙찰하한선 미달
-400,2038101742,株式會社 革新電工社,김희웅,분석,24511900,86.81,85.273,-2.81656 (97.18344),14 1,2016/04/11 09:29:34,낙찰하한선 미달
-401,2128153400,일렉파워(주),김성호,분석,24510690,86.806,85.269,-2.82136 (97.17864),3 9,2016/04/11 18:52:57,낙찰하한선 미달
-402,1358131171,(주)금성전기통신공사,김윤환,분석,24510360,86.804,85.268,-2.82267 (97.17733),6 10,2016/04/11 13:42:23,낙찰하한선 미달
-403,1288196628,코마정보통신(주),이경수,분석,24509300,86.801,85.264,-2.82687 (97.17313),1 10,2016/04/11 17:59:29,낙찰하한선 미달
-404,2148107988,(주)서울정보시스템,이문현,분석,24507903,86.796,85.259,-2.83241 (97.16759),10 11,2016/04/12 06:04:21,낙찰하한선 미달
-405,1068604045,솔텍인포넷 주식회사,이해진,분석,24506618,86.791,85.255,-2.83750 (97.1625),4 6,2016/04/11 18:45:45,낙찰하한선 미달
-406,1168147309,문엔지니어링(주),문헌일,분석,24500000,86.768,85.232,-2.86374 (97.13626),10 2,2016/04/12 09:38:17,낙찰하한선 미달
-407,1138135425,(주)뉴넷팝,이경택,분석,24499728,86.767,85.231,-2.86482 (97.13518),11 4,2016/04/11 10:43:40,낙찰하한선 미달
-408,2048162849,(주)비마전기,박상래,분석,24497000,86.757,85.221,-2.87564 (97.12436),1 5,2016/04/11 17:41:13,낙찰하한선 미달
-409,1138653369,(주)제이앤비이노베이션,오명숙,분석,24494178,86.747,85.211,-2.88682 (97.11318),15 5,2016/04/11 14:37:19,낙찰하한선 미달
-410,1288110974,주식회사 승원에이씨오,박태환,분석,24489470,86.73,85.195,-2.90549 (97.09451),3 11,2016/04/12 08:58:08,낙찰하한선 미달
-411,1308613417,삼영에이아이씨(주),김정년,분석,24488840,86.728,85.193,-2.90799 (97.09201),3 5,2016/04/10 20:27:31,낙찰하한선 미달
-412,1128148285,(주)백제이앤씨,손흥도,분석,24488736,86.728,85.193,-2.90840 (97.0916),10 4,2016/04/12 08:04:02,낙찰하한선 미달
-413,2068179706,(주)씨엠유니버샬,전재용,분석,24484490,86.713,85.178,-2.92523 (97.07477),11 15,2016/04/12 09:39:17,낙찰하한선 미달
-414,1138132447,태진정보통신(주),정태수,분석,24475544,86.681,85.147,-2.96070 (97.0393),12 10,2016/04/12 09:21:50,낙찰하한선 미달
-415,1198173261,(주)현대네트웍기술,조성익,분석,24474140,86.676,85.142,-2.96627 (97.03373),9 8,2016/04/11 12:57:18,낙찰하한선 미달
-416,1058705558,주식회사 오시스네트웍스,강현소,분석,24469169,86.659,85.124,-2.98598 (97.01402),6 2,2016/04/11 16:50:52,낙찰하한선 미달
-417,1054180243,태우산전,강정자,분석,24464546,86.642,85.108,-3.00431 (96.99569),14 7,2016/04/11 23:02:45,낙찰하한선 미달
-418,7888800054,주식회사 동서티앤씨,이병학,분석,24459150,86.623,85.09,-3.02570 (96.9743),15 4,2016/04/11 15:56:52,낙찰하한선 미달
-419,2048189682,세왕전력(주),안성호,분석,24457779,86.618,85.085,-3.03114 (96.96886),1 10,2016/04/12 00:05:47,낙찰하한선 미달
-420,2158168275,천마정보통신(주),전덕배,분석,24455000,86.608,85.075,-3.04216 (96.95784),5 7,2016/04/12 00:21:30,낙찰하한선 미달
-421,2128196942,동진이앤씨(주),민진식,분석,24446547,86.578,85.046,-3.07567 (96.92433),8 5,2016/04/12 09:13:23,낙찰하한선 미달
-422,1078636517,주식회사 국일이앤씨,서남석,분석,24445135,86.573,85.041,-3.08127 (96.91873),9 10,2016/04/11 11:06:15,낙찰하한선 미달
-423,1148716044,주식회사한국전기통신,김태완,분석,24437760,86.547,85.015,-3.11051 (96.88949),11 3,2016/04/11 09:53:35,낙찰하한선 미달
-424,4178600013,블랙썬 주식회사,이희부,분석,24432230,86.528,84.996,-3.13243 (96.86757),7 10,2016/04/11 22:00:20,낙찰하한선 미달
-425,2058128112,주식회사프로에스콤,신양주,분석,24432086,86.527,84.995,-3.13300 (96.867),11 12,2016/04/11 17:17:25,낙찰하한선 미달
-426,1198642201,(주)한일이앤씨,서정석,분석,24431783,86.526,84.994,-3.13420 (96.8658),8 12,2016/04/11 13:34:44,낙찰하한선 미달
-427,2078110694,범한기공 주식회사,유명종,분석,24413511,86.461,84.931,-3.20665 (96.79335),11 1,2016/04/12 08:50:05,낙찰하한선 미달
-428,1058130768,세원전설 주식회사,최영래,분석,24376596,86.331,84.802,-3.35301 (96.64699),8 10,2016/04/12 07:02:11,낙찰하한선 미달
-429,1188117645,(주)유투넷,최병국,분석,23909340,84.676,83.177,-5.20556 (94.79444),12 1,2016/04/11 11:30:05,낙찰하한선 미달
