순위,사업자 등록번호,업체명,대표,경쟁사 분석,투찰금액,예가대비 투찰률(%),기초대비 투찰률(%),기초대비 사정률(%),추첨번호,투찰일시,비고
1,2048187419,(주)디지털우민  [최종낙찰],문장석,분석,52622680,87.746,87.475,-0.30706 (99.69294),7 9,2021/07/21 17:07:23,
2,2058132431,(주)삼화동력개발,정권봉,분석,52622810,87.746,87.475,-0.30682 (99.69318),9 10,2021/07/20 16:17:02,
3,1358178502,주식회사 디알네트웍스,이기영,분석,52624180,87.748,87.478,-0.30422 (99.69578),6 1,2021/07/20 18:19:02,
4,2298129403,(주)태화시스템,윤영노,분석,52624639,87.749,87.478,-0.30335 (99.69665),13 2,2021/07/20 18:07:05,
5,1198188750,(주)코에버정보기술,반기동,분석,52626510,87.752,87.481,-0.29981 (99.70019),12 4,2021/07/22 08:34:57,
6,7188100420,주식회사 오투정보통신,양성윤,분석,52626600,87.752,87.482,-0.29964 (99.70036),12 9,2021/07/20 12:05:50,
7,1088193869,(주)동명텔레콤,김경은,분석,52628150,87.755,87.484,-0.29670 (99.7033),9 15,2021/07/20 10:19:11,
8,1128141680,주식회사엠케이씨티,장재철,분석,52629889,87.758,87.487,-0.29341 (99.70659),3 14,2021/07/22 08:16:58,
9,2098134940,주식회사윤송이엔씨,정윤계,분석,52631200,87.76,87.489,-0.29092 (99.70908),9 15,2021/07/21 08:47:16,
10,1058173369,(주)신한개발,이종순,분석,52631840,87.761,87.49,-0.28971 (99.71029),4 12,2021/07/21 09:17:27,
11,1098154781,(주)공항엔지니어링,박필립,분석,52633270,87.763,87.493,-0.28700 (99.713),9 2,2021/07/21 17:35:20,
12,1108609224,주식회사 두루스코,김옥연,분석,52633785,87.764,87.494,-0.28602 (99.71398),1 7,2021/07/20 17:44:51,
13,1108177407,시큐에스주식회사,정재량,분석,52634160,87.765,87.494,-0.28531 (99.71469),5 13,2021/07/22 06:15:22,
14,1188109728,득진통신(주),김진섭,분석,52634324,87.765,87.494,-0.28500 (99.715),13 2,2021/07/21 13:40:59,
15,1198629800,주식회사 메카넷,천수연,분석,52634587,87.766,87.495,-0.28451 (99.71549),1 13,2021/07/20 15:10:19,
16,2208160936,한국아이티진흥 주식회사,문동인,분석,52635367,87.767,87.496,-0.28303 (99.71697),2 4,2021/07/20 10:54:55,
17,1138175034,(주)윈플러스정보기술,정재원,분석,52635658,87.767,87.497,-0.28248 (99.71752),4 9,2021/07/21 16:00:17,
18,1188111452,동화전자산업(주),김종화,분석,52636170,87.768,87.497,-0.28151 (99.71849),4 8,2021/07/21 12:11:04,
19,2038164825,(주)스피드정보통신,선의석,분석,52637810,87.771,87.5,-0.27840 (99.7216),9 1,2021/07/21 08:28:54,
20,1198629343,디비시스(주),두혁,분석,52637860,87.771,87.5,-0.27830 (99.7217),1 13,2021/07/22 09:54:32,
21,1098195410,(주)신성글로벌네트워크,홍우석,분석,52638599,87.772,87.502,-0.27690 (99.7231),10 8,2021/07/22 08:58:43,
22,1118114477,주식회사 대흥데이타통신,박상영,분석,52638705,87.772,87.502,-0.27670 (99.7233),6 14,2021/07/20 10:57:40,
23,2208886221,주식회사 지엔아이티,윤상병,분석,52639168,87.773,87.502,-0.27583 (99.72417),2 15,2021/07/20 15:22:39,
24,8838102324,주식회사 엘씨네트웍스,임동준,분석,52639660,87.774,87.503,-0.27489 (99.72511),15 14,2021/07/21 09:18:11,
25,2148724941,한빛시스템주식회사,윤명호,분석,52640560,87.775,87.505,-0.27319 (99.72681),12 4,2021/07/22 09:25:07,
26,2208180951,엘지정보기술(주),엄태원,분석,52640760,87.776,87.505,-0.27281 (99.72719),2 8,2021/07/21 10:01:42,
27,7978100097,주식회사 신동아이앤지,신철호,분석,52641600,87.777,87.507,-0.27122 (99.72878),13 2,2021/07/21 19:39:15,
28,4108633207,(유)대원엔지니어링,박윤규,분석,52644180,87.781,87.511,-0.26633 (99.73367),1 13,2021/07/20 16:02:12,
29,1058186995,부원동력(주),이병의,분석,52644301,87.782,87.511,-0.26610 (99.7339),7 12,2021/07/20 10:19:14,
30,2068184591,신명네트워크(주),임은수,분석,52644830,87.783,87.512,-0.26510 (99.7349),14 12,2021/07/20 18:55:28,
31,1018639665,(주)한양인프라넷,김주호,분석,52645730,87.784,87.513,-0.26339 (99.73661),8 3,2021/07/20 12:00:11,
32,1078193207,주식회사 주광전기,이승훈,분석,52645780,87.784,87.513,-0.26330 (99.7367),7 6,2021/07/20 10:02:59,
33,1018651785,주식회사 청심아이티,김재균,분석,52646620,87.786,87.515,-0.26171 (99.73829),9 15,2021/07/21 08:47:05,
33,2178141893,주식회사대웅텔레콤,전진숙,분석,52646620,87.786,87.515,-0.26171 (99.73829),1 2,2021/07/22 09:50:36,
35,1198602494,(주) 네오인아이텍,이경미,분석,52648890,87.789,87.519,-0.25741 (99.74259),7 13,2021/07/22 09:35:25,
36,1138156089,코아아이앤씨(주),김현모,분석,52648940,87.789,87.519,-0.25731 (99.74269),8 9,2021/07/21 09:42:24,
37,2178127061,주식회사 칸씨앤에스,민영욱,분석,52648990,87.79,87.519,-0.25722 (99.74278),13 8,2021/07/21 17:47:04,
38,2048137258,대신엔에스(주),정동진,분석,52649400,87.79,87.519,-0.25644 (99.74356),8 4,2021/07/20 16:59:01,
39,1268620622,(주)엑스코하이텍,박정현,분석,52649470,87.79,87.52,-0.25631 (99.74369),14 12,2021/07/21 08:16:57,
40,2068125141,주식회사 스테이지넷,임영규,분석,52649789,87.791,87.52,-0.25571 (99.74429),5 3,2021/07/21 09:57:33,
41,1088604075,청목이앤아이 주식회사,김희경,분석,52649830,87.791,87.52,-0.25563 (99.74437),3 12,2021/07/21 17:05:10,
42,1013899212,현대아이텍,김청호,분석,52650060,87.791,87.521,-0.25519 (99.74481),2 15,2021/07/20 13:56:59,
43,8018600805,세인트로그 주식회사,김세연,분석,52650370,87.792,87.521,-0.25460 (99.7454),3 8,2021/07/22 01:02:54,
44,1178185645,무원이엔씨 주식회사,염규주,분석,52652900,87.796,87.525,-0.24981 (99.75019),8 6,2021/07/20 10:28:59,
45,1108157338,(주)메트로컴넷,최선민,분석,52653815,87.798,87.527,-0.24808 (99.75192),12 5,2021/07/21 10:01:44,
46,1208609672,(주)디에스티인터내셔날,김형태,분석,52653853,87.798,87.527,-0.24801 (99.75199),2 8,2021/07/21 11:53:16,
47,2048174554,주식회사 창흥텔레콤,진경미,분석,52654100,87.798,87.527,-0.24754 (99.75246),1 4,2021/07/22 07:38:14,
48,1408138536,주)파인솔라,이태동,분석,52654117,87.798,87.527,-0.24751 (99.75249),4 14,2021/07/20 16:44:57,
49,2170366237,염광통신공사,기홍용,분석,52655330,87.8,87.529,-0.24521 (99.75479),13 2,2021/07/20 16:58:57,
50,1198130210,(주)와이드넷엔지니어링,이맹훈,분석,52656280,87.802,87.531,-0.24341 (99.75659),5 9,2021/07/20 10:28:51,
51,1078715052,(주)에이스씨씨텍,신현종,분석,52656450,87.802,87.531,-0.24309 (99.75691),6 12,2021/07/20 16:47:01,
52,1398115682,백상건설 주식회사,정홍훈,분석,52656500,87.802,87.531,-0.24299 (99.75701),11 14,2021/07/22 08:55:50,
53,1138629762,주식회사 이너인포,이정균,분석,52657180,87.803,87.532,-0.24170 (99.7583),9 14,2021/07/20 11:08:29,
54,2148639466,(주)동방데이타테크놀러지,원덕숙,분석,52657710,87.804,87.533,-0.24070 (99.7593),8 1,2021/07/20 14:50:11,
55,4468801407,(주)큐엔큐,정정행,분석,52659026,87.806,87.535,-0.23821 (99.76179),2 8,2021/07/20 10:30:53,
56,2158171649,(주)삼삼통신기술,이성오,분석,52659080,87.806,87.536,-0.23810 (99.7619),12 15,2021/07/20 11:23:19,
57,1068128718,서광통신 주식회사,최경석,분석,52659871,87.808,87.537,-0.23660 (99.7634),14 12,2021/07/21 12:53:35,
58,2068165221,유니슨전기(주),유창진,분석,52659962,87.808,87.537,-0.23643 (99.76357),5 3,2021/07/20 10:26:08,
59,1048159651,(주)성우음향정보통신,송민자,분석,52661086,87.81,87.539,-0.23430 (99.7657),2 8,2021/07/22 08:26:27,
60,1078143707,(주)신창전기,홍성수,분석,52661400,87.81,87.539,-0.23371 (99.76629),13 1,2021/07/21 10:55:56,
61,2048189682,세왕전력(주),안성호,분석,52661632,87.811,87.54,-0.23327 (99.76673),12 9,2021/07/22 09:38:40,
62,2138176895,주식회사 코젠,윤영근,분석,52662430,87.812,87.541,-0.23176 (99.76824),7 3,2021/07/20 15:18:36,
63,1198646212,주식회사 에프에스네트웍스,이화수,분석,52662870,87.813,87.542,-0.23092 (99.76908),6 2,2021/07/21 08:57:24,
64,2098152287,주식회사 영도시큐리티,김강민,분석,52663672,87.814,87.543,-0.22940 (99.7706),3 8,2021/07/21 09:47:01,
65,1118128082,(주)디투엔지니어링,김낙경,분석,52663940,87.814,87.544,-0.22890 (99.7711),1 6,2021/07/22 09:26:40,
66,2098122745,새결정보통신(주),고성진,분석,52664410,87.815,87.544,-0.22801 (99.77199),9 7,2021/07/20 12:35:08,
67,2188117964,(주)투윈스컴,박성하,분석,52664412,87.815,87.544,-0.22800 (99.772),8 14,2021/07/21 07:34:42,
68,5278600284,주식회사 수앤씨,이종수,분석,52664516,87.815,87.545,-0.22780 (99.7722),13 8,2021/07/20 10:04:09,
69,2178135988,주식회사 조은정보,조용정,분석,52665100,87.816,87.546,-0.22670 (99.7733),3 8,2021/07/22 09:48:14,
70,2158182826,(주)한국전설엔지니어링,허만일,분석,52666740,87.819,87.548,-0.22359 (99.77641),6 4,2021/07/20 13:36:00,
71,1018144159,주식회사 넥선,박민호,분석,52667314,87.82,87.549,-0.22250 (99.7775),5 8,2021/07/21 10:25:23,
72,2068611905,(주)한포넷,이현우,분석,52667928,87.821,87.55,-0.22134 (99.77866),11 8,2021/07/21 16:48:55,
73,1178152367,(주)브레인컨설팅,안상철,분석,52669583,87.824,87.553,-0.21821 (99.78179),4 14,2021/07/21 13:27:32,
74,4118146506,케이엠티시스템 주식회사,김정식,분석,52671404,87.827,87.556,-0.21476 (99.78524),6 11,2021/07/22 09:18:59,
75,1138611108,(주)도원디에스,이정우,분석,52671990,87.828,87.557,-0.21365 (99.78635),2 4,2021/07/20 13:25:07,
76,1078161011,(주)장수커뮤니케이션즈,김현수,분석,52672328,87.828,87.558,-0.21301 (99.78699),7 14,2021/07/22 08:52:18,
77,2148766621,(주)포유네트웍스,이상오,분석,52672490,87.829,87.558,-0.21270 (99.7873),14 8,2021/07/20 15:42:32,
78,2298109203,(주)테스콤엔지니어링,박영복,분석,52673200,87.83,87.559,-0.21135 (99.78865),1 4,2021/07/20 18:06:18,
79,1058746506,(주)파워일렉,이정림,분석,52673720,87.831,87.56,-0.21037 (99.78963),13 15,2021/07/20 11:20:36,
80,2148888151,주식회사 씨앤피테크,제해동,분석,52673730,87.831,87.56,-0.21035 (99.78965),9 3,2021/07/21 10:20:03,
81,1101185132,메이폴정보통신,박용진,분석,52674281,87.832,87.561,-0.20931 (99.79069),9 7,2021/07/22 05:52:53,
82,2148805903,리조이스통신주식회사,최공휘,분석,52675860,87.834,87.563,-0.20631 (99.79369),6 9,2021/07/21 08:14:58,
83,1178158978,주식회사 화일이엔에프,박광섭,분석,52675940,87.834,87.564,-0.20616 (99.79384),11 5,2021/07/21 14:02:17,
84,1078682044,명승파워넷 주식회사,공건식,분석,52676180,87.835,87.564,-0.20571 (99.79429),3 2,2021/07/20 15:02:16,
85,1348120104,(주)씨월드정보기술,남형연,분석,52676882,87.836,87.565,-0.20438 (99.79562),8 11,2021/07/21 08:34:20,
86,2048602716,주식회사 동일아이티,차천문,분석,52677870,87.838,87.567,-0.20251 (99.79749),8 5,2021/07/20 11:16:58,
87,1058630797,주식회사 이디엔텍,김기영,분석,52679880,87.841,87.57,-0.19870 (99.8013),4 14,2021/07/21 10:04:30,
88,2068179706,(주)씨엠유니버샬,전재용,분석,52679988,87.841,87.57,-0.19849 (99.80151),15 11,2021/07/21 09:18:02,
89,1058169109,대조전설 주식회사,장철호,분석,52681070,87.843,87.572,-0.19644 (99.80356),3 14,2021/07/20 17:36:37,
90,2178143187,(주)미디어밸리렛,전필숙,분석,52681567,87.844,87.573,-0.19550 (99.8045),3 1,2021/07/20 13:21:03,
91,2118691240,거성일렉콤(주),박성래,분석,52681606,87.844,87.573,-0.19543 (99.80457),12 4,2021/07/21 15:05:25,
92,2158686415,(주)새빛엔에스,김상욱,분석,52682100,87.845,87.574,-0.19449 (99.80551),12 14,2021/07/20 17:39:27,
93,1138663095,아이투케이코리아 주식회사,인여훈,분석,52682300,87.845,87.574,-0.19411 (99.80589),8 3,2021/07/20 13:55:22,
94,2078152132,(주)홍남테크,김홍길,분석,52682500,87.845,87.575,-0.19373 (99.80627),8 5,2021/07/22 09:23:22,
95,6918100014,에스큐앤티 주식회사(SQ&T Inc.),민병국,분석,52683570,87.847,87.576,-0.19171 (99.80829),14 8,2021/07/22 07:51:19,
96,1148600716,유티모스트아이엔에스(주),박흥태,분석,52684838,87.849,87.578,-0.18931 (99.81069),15 14,2021/07/21 13:43:04,
97,2188118793,한국영상(주),송화재,분석,52685155,87.85,87.579,-0.18870 (99.8113),1 4,2021/07/21 10:09:05,
98,2148675138,(주)대호아이티에스,임진덕,분석,52685900,87.851,87.58,-0.18729 (99.81271),10 11,2021/07/20 10:15:21,
99,1018151776,(주)지디시,김승환,분석,52686317,87.852,87.581,-0.18650 (99.8135),7 2,2021/07/20 14:07:25,
100,1058130768,세원전설 주식회사,최영래,분석,52686580,87.852,87.581,-0.18600 (99.814),9 3,2021/07/20 16:47:37,
101,2055169402,청포음향,신동열,분석,52686890,87.853,87.582,-0.18542 (99.81458),6 13,2021/07/21 09:55:47,
102,1018151121,주식회사 경원전력,최경택,분석,52688349,87.855,87.584,-0.18265 (99.81735),2 10,2021/07/22 07:44:23,
103,1208147588,서현정보통신(주),배상만,분석,52688480,87.855,87.584,-0.18241 (99.81759),13 1,2021/07/21 10:23:48,
104,1188116568,후지쯔코리아테크놀러지 주식회사,백종도,분석,52690329,87.858,87.588,-0.17890 (99.8211),11 7,2021/07/20 10:19:56,
105,2018199051,나루씨앤씨주식회사,이상협,분석,52690962,87.86,87.589,-0.17770 (99.8223),4 3,2021/07/22 08:42:00,
106,1018151140,(주)사운드솔루션,이홍,분석,52691170,87.86,87.589,-0.17731 (99.82269),5 6,2021/07/21 09:03:35,
107,2048159043,이앤씨텔레콤(주),김진갑,분석,52691226,87.86,87.589,-0.17720 (99.8228),6 10,2021/07/21 09:23:42,
108,1198173261,(주)현대네트웍기술,조성익,분석,52692120,87.861,87.591,-0.17551 (99.82449),15 12,2021/07/20 10:40:57,
109,2138198870,주식회사 근우,김재진,분석,52694500,87.865,87.594,-0.17100 (99.829),11 3,2021/07/20 10:11:13,
110,2108122823,우영정보통신(주),황인희,분석,52695610,87.867,87.596,-0.16890 (99.8311),10 1,2021/07/22 09:10:49,
111,2198127354,보훈종합건설 주식회사,송계점,분석,52695660,87.867,87.596,-0.16880 (99.8312),14 13,2021/07/21 12:44:28,
112,1138618417,(주)씨에스플러스,장준영,분석,52696390,87.869,87.598,-0.16742 (99.83258),3 8,2021/07/21 08:34:59,
113,2148186794,주식회사 리트코,정종경,분석,52696600,87.869,87.598,-0.16702 (99.83298),5 11,2021/07/20 10:09:33,
114,1088127729,주식회사 대원네시스,이연호,분석,52696768,87.869,87.598,-0.16670 (99.8333),14 9,2021/07/20 17:17:35,
115,2018182230,주식회사 본네트시큐,최수기,분석,52697876,87.871,87.6,-0.16460 (99.8354),8 1,2021/07/21 14:13:21,
116,2048610496,주식회사김스애드,김진희,분석,52698670,87.872,87.601,-0.16310 (99.8369),12 2,2021/07/21 09:51:25,
117,2158747516,(주) 제이에스통신정보,한택수,분석,52698980,87.873,87.602,-0.16251 (99.83749),6 2,2021/07/21 09:00:46,
118,1178165218,(주)유런테크,양종운,분석,52699566,87.874,87.603,-0.16140 (99.8386),14 10,2021/07/22 09:08:45,
119,1180217524,대창 이엔씨,송효양,분석,52700610,87.876,87.605,-0.15943 (99.84057),8 4,2021/07/22 00:16:37,
120,2158199031,한소리이앤씨주식회사,안홍희,분석,52701040,87.876,87.605,-0.15861 (99.84139),8 12,2021/07/21 09:37:00,
121,2208829991,주식회사 이노트리,김병근,분석,52701150,87.876,87.606,-0.15840 (99.8416),10 7,2021/07/21 09:20:49,
122,1381158521,비트정보통신,이종진,분석,52702050,87.878,87.607,-0.15670 (99.8433),8 2,2021/07/21 10:10:39,
123,1078726452,벽산파워 주식회사,김종찬,분석,52703000,87.88,87.609,-0.15490 (99.8451),14 15,2021/07/21 08:00:07,
124,2068606585,(주)상지일렉스,정원상,분석,52703340,87.88,87.609,-0.15425 (99.84575),10 1,2021/07/20 22:49:03,
125,1138157550,뉴코리아전자통신 주식회사,조영순,분석,52703577,87.881,87.61,-0.15380 (99.8462),9 3,2021/07/21 09:00:01,
126,2108157604,주식회사 유니원이엔지,민수지,분석,52703950,87.881,87.61,-0.15310 (99.8469),7 2,2021/07/21 09:14:33,
127,2120549052,태성통신,최재석,분석,52705240,87.883,87.612,-0.15065 (99.84935),3 12,2021/07/22 05:46:41,
128,2298126804,주식회사엔엠엑스이엔씨,이동윤,분석,52705375,87.884,87.613,-0.15040 (99.8496),8 15,2021/07/20 18:42:03,
129,1088607693,(주)가온데이터,이기원,분석,52705952,87.884,87.613,-0.14931 (99.85069),8 10,2021/07/20 10:09:26,
130,1138169250,코리아이지텔주식회사,임규학,분석,52706110,87.885,87.614,-0.14901 (99.85099),8 12,2021/07/21 10:37:01,
131,1208745904,(주)엘엔케이네트웍스,김광일,분석,52706700,87.886,87.615,-0.14789 (99.85211),14 1,2021/07/20 10:22:39,
132,1088149704,이엔트컴(주),백석환,분석,52708320,87.888,87.617,-0.14482 (99.85518),10 3,2021/07/21 06:14:26,
133,1198195493,주식회사 인텍하우징,심인석,분석,52708327,87.888,87.617,-0.14481 (99.85519),9 7,2021/07/21 18:31:42,
134,7848600209,주식회사 아이알디통신,곽이현,분석,52708408,87.889,87.618,-0.14465 (99.85535),12 14,2021/07/21 10:52:22,
135,2068643595,주식회사 정형텔레콤,심재호,분석,52708513,87.889,87.618,-0.14445 (99.85555),1 3,2021/07/20 13:15:49,
136,3078147074,주식회사성우네트웍스,최성봉,분석,52708640,87.889,87.618,-0.14421 (99.85579),14 8,2021/07/21 22:23:38,
137,2158197106,주식회사통해,전용일,분석,52708910,87.889,87.618,-0.14370 (99.8563),11 7,2021/07/21 07:43:57,
138,1268159398,(주)파이런텍,이병길,분석,52709230,87.89,87.619,-0.14309 (99.85691),12 11,2021/07/21 14:20:01,
139,3188101990,(주)두두아이티,박영선,분석,52709440,87.89,87.619,-0.14270 (99.8573),10 15,2021/07/20 10:03:49,
140,1338113707,(주)대보통신,염영숙,분석,52709800,87.891,87.62,-0.14202 (99.85798),5 10,2021/07/21 10:38:15,
141,2048190516,주식회사동훈전설,정준모,분석,52711500,87.894,87.623,-0.13879 (99.86121),2 3,2021/07/21 11:05:34,
142,2188120741,케이씨티정보통신(주),백형은,분석,52711710,87.894,87.623,-0.13840 (99.8616),6 8,2021/07/21 08:35:45,
143,7968600745,마스트아이엔씨 주식회사,전병호,분석,52711811,87.894,87.623,-0.13821 (99.86179),3 6,2021/07/20 10:18:36,
144,2108139396,아이포콤주식회사,김영철,분석,52712020,87.895,87.624,-0.13781 (99.86219),1 7,2021/07/22 08:22:03,
145,1188111165,주식회사 세원이엔피디,이왕종,분석,52712550,87.896,87.624,-0.13681 (99.86319),5 1,2021/07/21 15:22:19,
145,1198174839,(주)선진솔루션,송성재,분석,52712550,87.896,87.624,-0.13681 (99.86319),4 14,2021/07/21 11:58:34,
147,2298117246,투빅스(주),김정란,분석,52713130,87.896,87.625,-0.13571 (99.86429),1 7,2021/07/21 14:12:49,
148,1078155407,(주)윤익계전,안용준,분석,52713250,87.897,87.626,-0.13548 (99.86452),2 14,2021/07/20 11:10:48,
149,2028137999,주식회사 동도시스템,김유기,분석,52714190,87.898,87.627,-0.13370 (99.8663),5 4,2021/07/22 09:45:16,
150,1028135124,현대에이치디에스(주),고해룡,분석,52714767,87.899,87.628,-0.13261 (99.86739),15 3,2021/07/21 13:09:52,
151,1188108054,대한신호(주),안종석,분석,52714925,87.899,87.628,-0.13231 (99.86769),5 10,2021/07/21 21:31:37,
152,2018176136,(주)휴넷시스템,김초영,분석,52714979,87.9,87.629,-0.13220 (99.8678),1 9,2021/07/20 14:54:13,
153,1188120761,(주)동화이엔씨,이재원,분석,52715240,87.9,87.629,-0.13171 (99.86829),9 4,2021/07/21 13:09:46,
154,2068157319,주식회사 에스엘정보통신,채용석,분석,52716358,87.902,87.631,-0.12959 (99.87041),10 7,2021/07/21 16:57:29,
155,1298104500,주식회사 상지카일룸,최기보,분석,52716500,87.902,87.631,-0.12932 (99.87068),1 10,2021/07/21 17:31:04,
156,2118759096,(주)사운드레이스,장명훈,분석,52716830,87.903,87.632,-0.12870 (99.8713),10 1,2021/07/20 16:05:40,
157,1018139321,(주)세웅정보통신,장우진,분석,52717249,87.903,87.632,-0.12790 (99.8721),14 3,2021/07/20 13:55:48,
158,2118850165,해음전기(주),김년봉,분석,52717302,87.903,87.632,-0.12780 (99.8722),2 5,2021/07/22 07:57:30,
159,2748800123,중앙씨앤티 주식회사,윤영진,분석,52717400,87.904,87.633,-0.12762 (99.87238),4 15,2021/07/21 17:08:19,
160,1178155699,유림씨스템통신(주),권영성,분석,52718145,87.905,87.634,-0.12621 (99.87379),10 11,2021/07/22 09:28:44,
161,2208798467,주식회사 태산이에이지,최홍석,분석,52718410,87.905,87.634,-0.12570 (99.8743),3 10,2021/07/20 11:49:20,
162,1148188624,주식회사 케이씨에이,문대원,분석,52718930,87.906,87.635,-0.12472 (99.87528),9 13,2021/07/21 12:36:15,
163,5518100318,주식회사 씨스테크,류니나,분석,52718938,87.906,87.635,-0.12470 (99.8753),3 2,2021/07/21 23:27:46,
164,1168105686,대덕전설(주),남궁성규,분석,52719000,87.906,87.635,-0.12459 (99.87541),11 2,2021/07/21 17:12:31,
165,1108139892,(주)이화텔레콤,윤영배,분석,52719427,87.907,87.636,-0.12378 (99.87622),5 11,2021/07/21 09:50:22,
166,1138670451,주식회사 코스모티어,김명동,분석,52720050,87.908,87.637,-0.12260 (99.8774),12 2,2021/07/21 09:41:38,
167,1098161598,(주)삼우씨앤에스,송민형,분석,52720520,87.909,87.638,-0.12171 (99.87829),15 3,2021/07/20 15:19:04,
168,1128601228,주식회사 성동아이앤티,홍성원,분석,52722210,87.912,87.641,-0.11850 (99.8815),13 2,2021/07/21 10:21:55,
169,1058622531,건웅신호산전(주),박정현,분석,52722790,87.913,87.641,-0.11741 (99.88259),1 12,2021/07/20 11:02:49,
170,1198655477,주식회사 이에스정보시스템,정홍렬,분석,52722900,87.913,87.642,-0.11720 (99.8828),6 4,2021/07/21 15:53:48,
171,1058730625,주식회사 신한네오텍,강미순,분석,52724220,87.915,87.644,-0.11470 (99.8853),6 7,2021/07/21 10:08:25,
172,1138622662,퍼스트아이앤씨 주식회사,한종인,분석,52724380,87.915,87.644,-0.11439 (99.88561),4 10,2021/07/20 23:24:40,
173,2118743406,보성통신기술(주),장승익,분석,52724890,87.916,87.645,-0.11343 (99.88657),5 6,2021/07/21 17:16:20,
174,6318800044,화인씨엔이 주식회사,김영심,분석,52726528,87.919,87.648,-0.11032 (99.88968),5 1,2021/07/21 14:03:20,
175,1198656229,주식회사 경진네트워크,김응환,분석,52728650,87.922,87.651,-0.10630 (99.8937),13 4,2021/07/20 10:30:02,
176,2098134713,키엔컴 주식회사,최성덕,분석,52731447,87.927,87.656,-0.10101 (99.89899),11 13,2021/07/21 14:13:25,
177,1208663604,주식회사 한은씨앤씨,김기현,분석,52731610,87.927,87.656,-0.10070 (99.8993),7 9,2021/07/20 10:03:27,
178,1168163482,주식회사 케이티앤씨,권혁섭,분석,52732130,87.928,87.657,-0.09971 (99.90029),13 11,2021/07/21 08:17:39,
179,1198609084,주식회사 유니씨엔에스,박경임,분석,52732556,87.929,87.658,-0.09890 (99.9011),11 1,2021/07/20 10:18:25,
180,1198609177,이유솔루션주식회사,장지호,분석,52732768,87.929,87.658,-0.09850 (99.9015),14 10,2021/07/22 09:37:06,
181,3788700961,주식회사 이지차저,송봉준,분석,52733930,87.931,87.66,-0.09630 (99.9037),7 12,2021/07/22 09:25:26,
182,1198187498,성원씨엔씨주식회사,유인식,분석,52734509,87.932,87.661,-0.09520 (99.9048),15 11,2021/07/21 19:24:20,
183,2138180142,서울아이디시스템(주),김동수,분석,52736940,87.936,87.665,-0.09060 (99.9094),7 13,2021/07/20 16:11:41,
184,1128701225,주식회사 블루인텔리전스,조축호,분석,52737000,87.936,87.665,-0.09048 (99.90952),8 2,2021/07/21 13:34:15,
185,1178175429,주식회사 아이씨스템,서현권,분석,52737350,87.937,87.666,-0.08982 (99.91018),10 15,2021/07/20 14:12:01,
186,2128145574,콤시스(주),서경환,분석,52737730,87.937,87.666,-0.08910 (99.9109),12 13,2021/07/21 15:53:48,
187,2548800191,신용전기통신 주식회사,정지택,분석,52737993,87.938,87.667,-0.08860 (99.9114),2 15,2021/07/21 10:35:31,
188,2068606891,수미디어통신 주식회사,하학수,분석,52738360,87.939,87.667,-0.08791 (99.91209),15 6,2021/07/21 15:58:06,
189,2098133373,주식회사 씨스넷,이명재,분석,52738837,87.939,87.668,-0.08700 (99.913),3 15,2021/07/22 09:31:11,
190,1098150316,(주)건우통신,노형환,분석,52739000,87.94,87.668,-0.08670 (99.9133),9 1,2021/07/21 09:17:56,
191,2148734721,(주)다모아테크,장용일,분석,52739629,87.941,87.669,-0.08550 (99.9145),11 3,2021/07/21 10:41:31,
192,1128148285,(주)백제이앤씨,손흥도,분석,52739890,87.941,87.67,-0.08501 (99.91499),6 7,2021/07/20 15:14:10,
193,1178169252,엠에스온(주),이경미,분석,52740527,87.942,87.671,-0.08380 (99.9162),4 2,2021/07/21 09:19:05,
194,1078158651,동남아전설(주),박형규,분석,52740820,87.943,87.671,-0.08325 (99.91675),14 11,2021/07/21 21:07:58,
195,1018154491,엘케이테크넷(주),이만형,분석,52741583,87.944,87.673,-0.08180 (99.9182),10 2,2021/07/20 13:34:36,
196,5208801248,주식회사 해주정보통신,임나영,분석,52742480,87.945,87.674,-0.08010 (99.9199),12 3,2021/07/21 09:35:41,
197,7888800054,주식회사 동서티앤씨,이병학,분석,52743430,87.947,87.676,-0.07830 (99.9217),10 1,2021/07/20 17:15:41,
198,1058641085,(주)에스엠전력,김동율,분석,52743793,87.948,87.676,-0.07762 (99.92238),8 10,2021/07/20 11:25:27,
199,2048642168,(주)비케이정보시스템,이용섭,분석,52744696,87.949,87.678,-0.07591 (99.92409),13 1,2021/07/20 13:04:22,
200,2068601178,주식회사 해인이티에프,오재근,분석,52744970,87.95,87.678,-0.07539 (99.92461),3 6,2021/07/22 08:30:10,
201,1058649262,주식회사 노하우전기통신,임창배,분석,52745000,87.95,87.678,-0.07533 (99.92467),3 10,2021/07/21 14:57:18,
202,2148134127,(주)대경텔레콤,오병도,분석,52745230,87.95,87.679,-0.07489 (99.92511),2 4,2021/07/21 09:10:54,
203,1138195331,(주)한남이앤씨,조성호,분석,52745330,87.95,87.679,-0.07470 (99.9253),8 10,2021/07/22 09:44:48,
204,2048162437,다남전기(주),이병근,분석,52745450,87.95,87.679,-0.07448 (99.92552),8 5,2021/07/22 08:26:11,
205,1108604272,소리콤 주식회사,정재홍,분석,52746650,87.952,87.681,-0.07220 (99.9278),8 5,2021/07/21 18:35:17,
205,1138629419,(주)에스이든,하태정,분석,52746650,87.952,87.681,-0.07220 (99.9278),3 6,2021/07/20 11:02:53,
207,1118126196,(주)광성통신,김성철,분석,52746861,87.953,87.682,-0.07180 (99.9282),5 7,2021/07/21 15:19:31,
208,1138637772,(주)헤로스테크,박우현,분석,52746910,87.953,87.682,-0.07171 (99.92829),6 14,2021/07/20 13:08:43,
209,2158751757,주식회사 광림엔지니어링,이장원,분석,52747000,87.953,87.682,-0.07154 (99.92846),7 5,2021/07/21 16:46:25,
210,1208137120,(주)지티일렉콘,고광열,분석,52747746,87.954,87.683,-0.07013 (99.92987),7 3,2021/07/22 04:37:12,
211,1098176150,주식회사 하이큐스,최상호,분석,52747820,87.954,87.683,-0.06999 (99.93001),11 14,2021/07/20 13:10:47,
212,1188114949,이주씨스템(주),이복균,분석,52748060,87.955,87.683,-0.06953 (99.93047),3 6,2021/07/22 09:09:58,
213,2128166939,주식회사 연일전력,최재규,분석,52748233,87.955,87.684,-0.06920 (99.9308),11 7,2021/07/20 10:01:28,
214,1058676906,(주)디엠씨정보,윤성인,분석,52749520,87.957,87.686,-0.06677 (99.93323),5 12,2021/07/20 15:31:58,
215,1048635917,주식회사 비전에스엔씨,김국배,분석,52749590,87.957,87.686,-0.06663 (99.93337),12 15,2021/07/21 14:38:23,
216,2148824685,육일정보통신 주식회사,김지곤,분석,52750820,87.959,87.688,-0.06430 (99.9357),1 8,2021/07/20 19:06:43,
217,7508600152,육일전기공사주식회사,공삼례,분석,52750880,87.959,87.688,-0.06419 (99.93581),6 3,2021/07/22 09:51:16,
218,1108185552,한양이이씨 주식회사,문주환,분석,52751295,87.96,87.689,-0.06340 (99.9366),4 7,2021/07/20 16:32:13,
219,1068616819,(주)현성인포컴,박홍수,분석,52752450,87.962,87.691,-0.06122 (99.93878),4 14,2021/07/22 09:27:37,
220,2068679088,(주)한맥아이티,최예니,분석,52752930,87.963,87.692,-0.06031 (99.93969),13 8,2021/07/20 11:20:59,
221,1088114068,(주)대인정보통신,유재호,분석,52754500,87.965,87.694,-0.05733 (99.94267),9 10,2021/07/20 10:04:04,
221,1088611746,에스비엠텔레콤(주),홍은수,분석,52754500,87.965,87.694,-0.05733 (99.94267),7 10,2021/07/22 08:23:09,
223,2078149656,코리아데이타코퍼레이션(주),이기철,분석,52756600,87.969,87.698,-0.05335 (99.94665),6 2,2021/07/20 10:22:09,
224,2148811443,(주)우신지엘에스,문경종,분석,52757200,87.97,87.699,-0.05222 (99.94778),9 14,2021/07/21 09:13:38,
225,1138680513,주식회사연수이앤씨,조운호,분석,52757260,87.97,87.699,-0.05210 (99.9479),1 6,2021/07/22 09:42:45,
226,1098651964,셀코정보기술 주식회사,권영용,분석,52757610,87.971,87.699,-0.05144 (99.94856),8 11,2021/07/21 22:54:45,
227,2108149521,주식회사 구일일무인경비시스템,박종철,분석,52757800,87.971,87.7,-0.05108 (99.94892),6 15,2021/07/22 09:46:54,
228,1188105192,(주)효원엔지니어링,진재권,분석,52758368,87.972,87.701,-0.05000 (99.95),5 12,2021/07/22 09:06:05,
229,1178112521,한성정보기술(주),한병성,분석,52758480,87.972,87.701,-0.04979 (99.95021),9 12,2021/07/20 17:29:52,
230,1058739913,(주)비디엔에프,최경훈,분석,52759460,87.974,87.702,-0.04793 (99.95207),6 7,2021/07/20 17:18:45,
231,1058680303,주식회사 제이엔디케이,이재식,분석,52759500,87.974,87.703,-0.04786 (99.95214),8 2,2021/07/21 17:37:21,
232,2128611287,현민전기주식회사,김응민,분석,52761060,87.976,87.705,-0.04490 (99.9551),1 15,2021/07/21 10:09:39,
233,2068625393,주식회사 성림전설,박상동,분석,52761230,87.977,87.705,-0.04458 (99.95542),1 8,2021/07/20 10:10:22,
234,1198682431,(주)대경시스텍,반기수,분석,52762142,87.978,87.707,-0.04285 (99.95715),11 12,2021/07/21 10:40:13,
235,1041890207,삼정정보통신,이순봉,분석,52763278,87.98,87.709,-0.04070 (99.9593),5 8,2021/07/20 15:28:34,
236,2138633324,(주)서경엔씨에스,김진태,분석,52763751,87.981,87.71,-0.03981 (99.96019),15 7,2021/07/21 08:45:20,
237,2108168358,주식회사 영호정보통신,조소연,분석,52764174,87.982,87.71,-0.03900 (99.961),5 14,2021/07/22 06:18:45,
238,2208626821,한성씨앤엔(주),한성,분석,52764500,87.982,87.711,-0.03839 (99.96161),14 7,2021/07/21 10:06:29,
239,5518600929,주식회사마글론이에프씨,김광석,분석,52764600,87.982,87.711,-0.03820 (99.9618),5 10,2021/07/21 08:56:20,
240,1068127039,진명이엔씨(주),박창호,분석,52765177,87.983,87.712,-0.03710 (99.9629),15 9,2021/07/22 07:23:37,
241,1180565240,성보전자통신,양행천,분석,52765920,87.984,87.713,-0.03570 (99.9643),15 4,2021/07/22 05:12:25,
242,2068183592,(주)신광티앤이,이일환,분석,52766170,87.985,87.714,-0.03522 (99.96478),12 4,2021/07/20 16:20:44,
243,7298600518,주식회사 킴스앤,김동선,분석,52766179,87.985,87.714,-0.03521 (99.96479),1 10,2021/07/22 09:06:32,
244,1098133637,주식회사 화인컴,김창만,분석,52766700,87.986,87.714,-0.03422 (99.96578),10 4,2021/07/21 09:54:53,
245,7608700874,주식회사 에스비엠,정한철,분석,52766866,87.986,87.715,-0.03390 (99.9661),14 3,2021/07/21 08:10:58,
246,1198125041,옥성정보통신(주),황석,분석,52767230,87.987,87.715,-0.03321 (99.96679),3 13,2021/07/21 09:44:25,
247,1198179983,(주)에이피텔,정용명,분석,52767500,87.987,87.716,-0.03270 (99.9673),3 5,2021/07/21 15:47:22,
248,1198611746,(주)지트인,김재환,분석,52767619,87.987,87.716,-0.03248 (99.96752),15 10,2021/07/21 15:00:48,
249,2037666794,금성텔레콤,정용상,분석,52767760,87.988,87.716,-0.03221 (99.96779),15 1,2021/07/20 16:57:00,
250,2068165615,(주)아이커머,서정묵,분석,52767820,87.988,87.716,-0.03210 (99.9679),4 14,2021/07/21 16:30:38,
251,1138655784,주식회사 유씨큐넷,김경,분석,52768186,87.988,87.717,-0.03140 (99.9686),13 8,2021/07/20 10:19:08,
252,1208609541,청강전기(주),김관호,분석,52769980,87.991,87.72,-0.02800 (99.972),7 1,2021/07/21 09:36:32,
253,1088122724,영진정보통신주식회사,김영식,분석,52771458,87.994,87.722,-0.02520 (99.9748),7 8,2021/07/20 18:04:00,
254,1058747280,주식회사 하이디,문이수,분석,52772322,87.995,87.724,-0.02357 (99.97643),12 11,2021/07/20 15:40:41,
255,1138649133,빅썬시스템즈 주식회사,권태일,분석,52773830,87.998,87.726,-0.02071 (99.97929),8 4,2021/07/20 10:08:07,
256,1078731896,(주)비시텍코리아,임헌욱,분석,52775200,88.0,87.729,-0.01812 (99.98188),5 13,2021/07/20 21:54:45,
257,2078147814,(주)대호엔지니어링,윤용상,분석,52775240,88.0,87.729,-0.01804 (99.98196),10 6,2021/07/21 10:44:26,
258,1048632400,주식회사 원이앤에스,지연관,분석,52775520,88.001,87.729,-0.01751 (99.98249),10 4,2021/07/21 07:06:32,
259,1138135425,(주)뉴넷팝,이경택,분석,52775628,88.001,87.729,-0.01730 (99.9827),5 12,2021/07/20 14:16:46,
260,1018635413,(주)씨유앰앤아이,김정순,분석,52775730,88.001,87.729,-0.01711 (99.98289),5 12,2021/07/20 13:26:24,
261,1078636235,(주)대교이앤에스,이찬수,분석,52776880,88.003,87.731,-0.01493 (99.98507),1 15,2021/07/21 10:37:13,
262,1178153920,엠에스원디지털 주식회사,엄종만,분석,52777360,88.004,87.732,-0.01402 (99.98598),13 10,2021/07/21 17:54:03,
263,2130230588,태극정보통신,이상호,분석,52777529,88.004,87.732,-0.01370 (99.9863),3 6,2021/07/22 09:35:23,
264,2148690274,주식회사 유니콤넷,최경식,분석,52778157,88.005,87.734,-0.01251 (99.98749),10 3,2021/07/20 15:21:50,
265,1198118405,우광기전(주),이기진,분석,52778440,88.005,87.734,-0.01198 (99.98802),5 10,2021/07/22 08:57:01,
266,1108190166,(주)페타네트워크,강인희,분석,52778559,88.006,87.734,-0.01175 (99.98825),14 11,2021/07/21 16:45:29,
267,1138150993,주식회사 우진정보,배재중,분석,52779000,88.006,87.735,-0.01092 (99.98908),12 7,2021/07/21 09:26:18,
268,1138636865,주식회사 정원시큐,염승호,분석,52779059,88.006,87.735,-0.01080 (99.9892),3 8,2021/07/21 10:34:17,
269,1068653279,주식회사 랜오아시스,서진선,분석,52779110,88.006,87.735,-0.01071 (99.98929),13 9,2021/07/21 13:39:11,
270,2208604531,주식회사 월드린시스템즈,류준열,분석,52779200,88.007,87.735,-0.01054 (99.98946),4 15,2021/07/21 09:23:47,
271,2058126448,주식회사 순성이엔씨,양재희,분석,52780063,88.008,87.737,-0.00890 (99.9911),7 10,2021/07/21 14:46:31,
272,2158197601,(주)알파시큐넷,강도석,분석,52782490,88.012,87.741,-0.00430 (99.9957),4 3,2021/07/20 10:14:06,
273,2148827514,주식회사진우엠앤씨,송진석,분석,52783500,88.014,87.742,-0.00239 (99.99761),3 4,2021/07/20 19:02:40,
274,1068641109,주식회사 피앤지텍,조홍길,분석,52783650,88.014,87.743,-0.00211 (99.99789),2 10,2021/07/21 16:29:37,
275,2178114305,주식회사 케이엠씨앤아이,서정만,분석,52784600,88.016,87.744,-0.00031 (99.99969),15 12,2021/07/20 23:00:58,
276,2128606988,원강정보통신 주식회사,우강원,분석,52784759,88.016,87.744,-0.00001 (99.99999),5 2,2021/07/22 09:58:17,
277,2158623647,시공전설(주),황호진,분석,52785024,88.016,87.745,0.00050 (100.0005),15 11,2021/07/21 14:43:37,
278,1098643839,주식회사 케이비정보통신,지인현,분석,52785763,88.018,87.746,0.00190 (100.0019),1 12,2021/07/22 09:24:58,
279,2108138572,주식회사 디와이엔텍,임형두,분석,52785810,88.018,87.746,0.00198 (100.00198),8 10,2021/07/21 14:16:45,
280,1168166913,주식회사케이엠데이타,이강섭,분석,52786000,88.018,87.747,0.00234 (100.00234),7 4,2021/07/21 14:51:00,
281,2118101156,(주)인스틴솔루션,박세준,분석,52786100,88.018,87.747,0.00253 (100.00253),14 8,2021/07/20 14:45:26,
282,1778800569,주식회사 유원이씨에스,유명종,분석,52786888,88.019,87.748,0.00403 (100.00403),7 14,2021/07/22 08:13:20,
283,1408177811,주식회사 네오비젼,유정식,분석,52786970,88.02,87.748,0.00418 (100.00418),9 14,2021/07/21 17:58:07,
284,2117299696,성원전자통신,성기신,분석,52787100,88.02,87.748,0.00443 (100.00443),13 1,2021/07/21 09:19:35,
285,1138640864,주식회사 지앤씨씨,정연진,분석,52788670,88.022,87.751,0.00740 (100.0074),6 9,2021/07/21 14:31:27,
286,1578700724,주식회사 자비스넷,박주영,분석,52789000,88.023,87.752,0.00803 (100.00803),5 3,2021/07/21 09:01:45,
287,1138694303,향원전자통신 주식회사,이진영,분석,52789350,88.024,87.752,0.00869 (100.00869),7 2,2021/07/21 21:44:41,
288,1138636870,주식회사 나우시스템,이종한,분석,52789450,88.024,87.752,0.00888 (100.00888),1 10,2021/07/21 09:03:23,
289,1058671430,(주)디지탈씨오에스,박정규,분석,52789776,88.024,87.753,0.00950 (100.0095),7 2,2021/07/20 17:21:53,
289,2208725440,(주) 매그넷,김종민,분석,52789776,88.024,87.753,0.00950 (100.0095),3 12,2021/07/20 10:57:43,
291,1138632307,(주)인투에스,남기융,분석,52790408,88.025,87.754,0.01070 (100.0107),12 14,2021/07/20 15:39:43,
292,2118606665,주식회사 아라랏,오선환,분석,52790528,88.026,87.754,0.01092 (100.01092),4 6,2021/07/20 20:10:58,
293,1068641638,(주)매트릭스미디어,김진성,분석,52792043,88.028,87.757,0.01379 (100.01379),1 3,2021/07/22 08:52:27,
294,1138672575,주식회사 시스메이트,정종균,분석,52792889,88.029,87.758,0.01540 (100.0154),13 3,2021/07/21 08:52:57,
295,2098119463,(주)두레정보통신,김시영,분석,52793360,88.03,87.759,0.01629 (100.01629),10 3,2021/07/21 15:36:38,
296,1138185963,주식회사 스마트메카,이명주,분석,52793710,88.031,87.759,0.01695 (100.01695),1 4,2021/07/21 10:19:26,
297,1108182195,주식회사 벨아이앤에스,한성욱,분석,52793733,88.031,87.759,0.01699 (100.01699),4 3,2021/07/21 08:40:27,
298,4448800760,지인정보통신 주식회사,송필홍,분석,52796585,88.036,87.764,0.02240 (100.0224),8 3,2021/07/22 00:41:22,
299,2138641595,주식회사 브랜드텍,김은수,분석,52796741,88.036,87.764,0.02269 (100.02269),15 10,2021/07/21 11:08:10,
300,1098700045,샘솔정보주식회사,정찬구,분석,52797700,88.037,87.766,0.02451 (100.02451),15 10,2021/07/21 09:17:22,
301,1148131820,(주)대한전광,김동재,분석,52800595,88.042,87.771,0.02999 (100.02999),11 8,2021/07/21 13:49:09,
302,2208127086,동강엠텍(주),차영문,분석,52800965,88.043,87.771,0.03070 (100.0307),2 14,2021/07/22 09:36:52,
303,1200582335,델타전자통신,이성남,분석,52801100,88.043,87.772,0.03095 (100.03095),13 5,2021/07/22 00:41:31,
304,1138645971,주식회사 포딕스시스템,정재호,분석,52802230,88.045,87.774,0.03309 (100.03309),3 2,2021/07/20 10:01:43,
305,7288700415,주식회사 티엑스텍,박영기,분석,52802601,88.046,87.774,0.03380 (100.0338),5 11,2021/07/20 10:21:24,
306,1138148411,(주)풍천정보네트웍,김학봉,분석,52805450,88.05,87.779,0.03919 (100.03919),14 7,2021/07/22 09:09:54,
307,1088603552,주식회사 아이앤씨테크,전민호,분석,52806570,88.052,87.781,0.04131 (100.04131),10 1,2021/07/21 18:57:01,
308,1138163218,(주)신성하이텍,성성모,분석,52806670,88.052,87.781,0.04150 (100.0415),1 9,2021/07/20 17:33:23,
309,8178800099,(주)대성오토텍,신미금,분석,52806710,88.053,87.781,0.04158 (100.04158),7 13,2021/07/21 13:50:23,
310,4108709228,(주)실로아이앤씨,서정호,분석,52806824,88.053,87.781,0.04180 (100.0418),1 4,2021/07/20 17:08:21,
311,2068184529,(주)네오티엔씨,조정현,분석,52806830,88.053,87.781,0.04181 (100.04181),8 12,2021/07/21 15:11:30,
312,1168175601,한빛인프라소닉(주),이한철,분석,52808350,88.055,87.784,0.04469 (100.04469),14 4,2021/07/21 09:52:36,
313,2078136563,동하이앤에프(주),전영길,분석,52808882,88.056,87.785,0.04569 (100.04569),12 10,2021/07/20 10:16:15,
314,1208817900,주식회사 에이앤티플러스,김은아,분석,52809890,88.058,87.786,0.04760 (100.0476),6 9,2021/07/20 12:58:29,
315,2098155983,주식회사 케이텍솔루션,임경택,분석,52810000,88.058,87.786,0.04781 (100.04781),8 4,2021/07/22 08:42:42,
316,1148633857,에스엠이엔지(주),이관휴,분석,52811888,88.061,87.79,0.05139 (100.05139),9 10,2021/07/21 08:23:11,
317,1138193726,(주)성진에스에스,강신범,분석,52812160,88.062,87.79,0.05190 (100.0519),3 6,2021/07/21 17:04:31,
318,1198616251,주식회사 누리인프라,정성우,분석,52812200,88.062,87.79,0.05198 (100.05198),13 14,2021/07/21 09:11:51,
319,2108164712,주식회사 데스카,조혜연,분석,52812850,88.063,87.791,0.05321 (100.05321),3 1,2021/07/20 13:54:50,
320,5088137937,(주)벨류데이터,이선미,분석,52812877,88.063,87.791,0.05326 (100.05326),7 8,2021/07/21 20:59:47,
321,1138604679,(주) 투데이게이트,김익훈,분석,52813687,88.064,87.793,0.05480 (100.0548),7 8,2021/07/20 13:26:43,
322,1198653668,에코아이넷(주),박은희,분석,52813998,88.065,87.793,0.05539 (100.05539),5 11,2021/07/22 09:28:35,
323,2208804175,주식회사 예준시스템,이인애,분석,52815160,88.067,87.795,0.05759 (100.05759),10 12,2021/07/22 09:56:21,
324,1198670032,주식회사 한컴모빌리티,이창열,분석,52816530,88.069,87.797,0.06018 (100.06018),13 2,2021/07/20 15:52:59,
325,1138635212,(주)아이제이일렉트론,김도형,분석,52817170,88.07,87.798,0.06140 (100.0614),8 3,2021/07/21 15:50:44,
326,2041077930,라인월드정보,박선양,분석,52817381,88.07,87.799,0.06180 (100.0618),10 15,2021/07/21 14:58:20,
327,2148781807,(주)창리정보통신,정종호,분석,52818911,88.073,87.801,0.06469 (100.06469),3 9,2021/07/22 08:53:35,
328,1198164229,(주) 이준시스템,한상훈,분석,52818950,88.073,87.801,0.06477 (100.06477),8 4,2021/07/20 10:41:47,
329,2048652666,주식회사 동연아이비에스,서동주,분석,52819330,88.074,87.802,0.06549 (100.06549),8 7,2021/07/21 18:20:09,
330,2208727337,주식회사주니파워네트웍스,노병준,분석,52819439,88.074,87.802,0.06569 (100.06569),15 8,2021/07/20 13:58:12,
331,1098613335,주식회사 스마트씨앤아이,임요웅,분석,52820440,88.075,87.804,0.06759 (100.06759),4 5,2021/07/20 14:37:50,
332,1178119238,주식회사 동양네트워크,김종렬,분석,52820617,88.076,87.804,0.06793 (100.06793),12 5,2021/07/22 08:50:22,
333,2138633042,바른인포테크(주),윤범선,분석,52821500,88.077,87.806,0.06960 (100.0696),7 3,2021/07/20 10:04:23,
334,2098111724,(주)석주기업,유영만,분석,52821921,88.078,87.806,0.07040 (100.0704),15 1,2021/07/20 10:06:05,
335,1058682164,(주)울트라텔레콤,김성철,분석,52822078,88.078,87.807,0.07069 (100.07069),1 7,2021/07/20 14:13:19,
336,1178113423,주식회사 엘지헬로비전,송구영,분석,52822686,88.079,87.808,0.07185 (100.07185),10 15,2021/07/21 09:16:42,
337,1380715369,영인 아이티 기술사 사무소,함영만,분석,52823390,88.08,87.809,0.07318 (100.07318),8 1,2021/07/20 11:11:24,
338,1138151895,주식회사 온리정보통신,김서규,분석,52823610,88.081,87.809,0.07360 (100.0736),6 3,2021/07/21 15:15:05,
339,2118696662,(주)아이넷빌더,박해성,분석,52823663,88.081,87.809,0.07370 (100.0737),1 4,2021/07/22 09:18:57,
340,7208101228,주식회사 동진에스앤디,김규리,분석,52824700,88.083,87.811,0.07566 (100.07566),3 12,2021/07/20 13:29:00,
341,2308100158,국제컨트로닉스 주식회사,김동배,분석,52824930,88.083,87.811,0.07610 (100.0761),9 2,2021/07/20 20:47:01,
342,1138663611,주식회사 엠브이씨앤에스,오남림,분석,52825464,88.084,87.812,0.07711 (100.07711),14 5,2021/07/20 13:54:44,
343,1128148359,(주)펜타콤씨엔씨,최상록,분석,52825827,88.084,87.813,0.07780 (100.0778),8 7,2021/07/21 16:34:06,
344,2078141917,합자회사 대성전업상사,권기원,분석,52826012,88.085,87.813,0.07815 (100.07815),11 13,2021/07/20 10:04:42,
345,6118700363,주식회사 서경산업,이대규,분석,52826021,88.085,87.813,0.07816 (100.07816),15 8,2021/07/21 16:44:37,
346,1188110211,(주)텔레텍코리아,윤광수,분석,52826990,88.086,87.815,0.08000 (100.08),11 10,2021/07/20 18:19:07,
347,1198633186,주식회사 티에스솔루션,주성규,분석,52827938,88.088,87.816,0.08180 (100.0818),11 9,2021/07/20 10:22:37,
348,2068184285,주식회사 진명파워택,이명규,분석,52828465,88.089,87.817,0.08279 (100.08279),6 11,2021/07/22 09:18:45,
349,1138163445,주식회사 삼도통신,이정경,분석,52828500,88.089,87.817,0.08286 (100.08286),14 15,2021/07/20 11:37:09,
350,2148710582,모던웨이브(주),원회광,분석,52828950,88.09,87.818,0.08371 (100.08371),15 2,2021/07/20 11:18:26,
351,1088122326,주식회사 주세움정보통신,염인덕,분석,52829260,88.09,87.818,0.08430 (100.0843),8 6,2021/07/22 09:04:24,
352,2158602337,지엔네텔(주),고시영,분석,52829758,88.091,87.819,0.08524 (100.08524),15 10,2021/07/21 16:07:42,
353,1068609792,(주)아이티로그인,김태현,분석,52829996,88.091,87.82,0.08569 (100.08569),15 14,2021/07/22 08:12:44,
354,1078688280,콘텐츠스퀘어주식회사,함규식,분석,52831300,88.094,87.822,0.08817 (100.08817),7 6,2021/07/21 07:31:13,
355,1168173694,(주)지엠에스인터내셔날,김형준,분석,52832581,88.096,87.824,0.09059 (100.09059),13 9,2021/07/22 09:32:51,
356,1068690366,(주)윈투스시스템,신경익,분석,52833164,88.097,87.825,0.09170 (100.0917),5 9,2021/07/20 17:37:18,
357,2048626080,주식회사 엘제이이엔지,임성희,분석,52833550,88.097,87.826,0.09243 (100.09243),6 15,2021/07/20 11:45:06,
358,1198611222,(주)제이에이티,이세창,분석,52833890,88.098,87.826,0.09307 (100.09307),5 15,2021/07/20 17:48:20,
359,2038149028,대륭중공건설(주),박임우,분석,52838232,88.105,87.833,0.10130 (100.1013),5 9,2021/07/20 16:37:42,
360,3058627650,레아전기통신 주식회사,이해경,분석,52839000,88.106,87.835,0.10275 (100.10275),12 15,2021/07/20 14:17:48,
361,1068604157,주식회사 넥시스정보,오세후,분석,52840553,88.109,87.837,0.10569 (100.10569),9 11,2021/07/21 09:44:20,
362,1188115778,대신통신기술(주),김지영,분석,52840820,88.109,87.838,0.10620 (100.1062),11 10,2021/07/20 15:30:33,
363,2148752525,(주)엘티네트워크,조완식,분석,52840870,88.109,87.838,0.10630 (100.1063),2 14,2021/07/21 16:08:53,
364,1198604153,(주)하몬소프트,강원석,분석,52842250,88.112,87.84,0.10891 (100.10891),8 12,2021/07/21 11:08:40,
365,1088159691,(주)다우텔레콤,이영순,분석,52842825,88.113,87.841,0.11000 (100.11),6 5,2021/07/21 20:14:28,
366,8908701311,(주)에이디넷,주종명,분석,52843615,88.114,87.842,0.11150 (100.1115),5 6,2021/07/20 15:47:36,
367,2158603049,유니넷텍(주),김한호,분석,52843880,88.114,87.843,0.11200 (100.112),15 6,2021/07/22 08:49:25,
368,2148122183,(주)하나전기,김선식,분석,52844722,88.116,87.844,0.11359 (100.11359),1 6,2021/07/21 17:27:28,
369,1191396324,우리통신,윤순옥,분석,52844771,88.116,87.844,0.11369 (100.11369),5 10,2021/07/21 09:18:53,
370,1068180219,(주)네트웍리더,권철영,분석,52846200,88.118,87.847,0.11639 (100.11639),3 15,2021/07/21 17:48:07,
371,1298141752,에이플시스템즈(주),윤진경,분석,52848210,88.122,87.85,0.12020 (100.1202),1 8,2021/07/20 10:51:30,
372,1068160552,(주)금산트리피아,김백순,분석,52848700,88.123,87.851,0.12113 (100.12113),6 2,2021/07/21 10:08:06,
373,1018623426,주식회사 지에스아이티엠,변재철,분석,52848893,88.123,87.851,0.12149 (100.12149),8 10,2021/07/20 10:58:35,
374,1198153493,(주)경성네트웍,편해용,분석,52851110,88.127,87.855,0.12569 (100.12569),14 12,2021/07/20 10:13:54,
375,1068194620,(주)합동전자산업,정호원,분석,52851160,88.127,87.855,0.12579 (100.12579),1 3,2021/07/20 15:10:52,
376,2058140829,원앤원산업개발(주),배애순,분석,52851900,88.128,87.856,0.12719 (100.12719),7 9,2021/07/22 09:37:07,
377,1074968483,국제정보통신,조광자,분석,52852210,88.128,87.857,0.12778 (100.12778),9 10,2021/07/21 14:09:38,
378,1018197466,주식회사콤위즈,정윤권,분석,52852910,88.13,87.858,0.12910 (100.1291),1 7,2021/07/21 10:13:35,
379,1138653995,주식회사 아이티에스엠,봉상섭,분석,52853749,88.131,87.859,0.13069 (100.13069),6 14,2021/07/20 15:16:55,
380,2108117956,(주)선광전설,권순광,분석,52855490,88.134,87.862,0.13399 (100.13399),4 9,2021/07/20 14:29:23,
381,1078662029,주식회사 아이티트레인,주영일,분석,52855790,88.134,87.863,0.13456 (100.13456),3 15,2021/07/20 17:04:09,
382,8208100418,주식회사 드웰링,전정환,분석,52856674,88.136,87.864,0.13624 (100.13624),14 7,2021/07/21 17:18:07,
383,1108155382,(주)굿채널시스템,백홍현,분석,52856700,88.136,87.864,0.13629 (100.13629),13 12,2021/07/21 15:54:01,
384,1048636288,(주)엠케이이엔씨,문광일,분석,52856917,88.136,87.864,0.13670 (100.1367),4 5,2021/07/21 17:03:06,
385,2128169519,세진시스콤주식회사,박수환,분석,52856970,88.136,87.865,0.13680 (100.1368),2 8,2021/07/20 11:00:28,
386,1418147931,주식회사 이리야시스템,허재혁,분석,52857340,88.137,87.865,0.13750 (100.1375),15 4,2021/07/20 15:31:19,
387,2118168569,삼익정보통신(주),김진섭,분석,52858897,88.14,87.868,0.14045 (100.14045),13 10,2021/07/21 12:52:58,
388,1168137418,두레옵트로닉스 주식회사,최수현,분석,52859290,88.14,87.868,0.14119 (100.14119),6 8,2021/07/22 09:38:42,
389,1268620466,(주)진원엔지니어링,이규황,분석,52859340,88.14,87.868,0.14129 (100.14129),1 2,2021/07/21 16:00:19,
390,1168135502,(주)비엠더코리아,구진회,분석,52859504,88.141,87.869,0.14160 (100.1416),7 5,2021/07/21 18:01:03,
391,2158191475,(주)디앤씨코퍼레이션,엄삼섭,분석,52859770,88.141,87.869,0.14210 (100.1421),8 9,2021/07/21 11:04:13,
392,1108174749,유프로시스(주),김종본,분석,52860140,88.142,87.87,0.14280 (100.1428),5 3,2021/07/20 11:20:52,
393,3958800527,주식회사 에스에이치아이티,정태순,분석,52860242,88.142,87.87,0.14300 (100.143),6 11,2021/07/22 09:19:05,
394,6458700672,주식회사 비앤아이테크,김혜용,분석,52860290,88.142,87.87,0.14309 (100.14309),14 4,2021/07/20 16:14:20,
395,8058600302,주식회사 케이엔엑스정보통신,홍지연,분석,52861984,88.145,87.873,0.14630 (100.1463),6 8,2021/07/20 10:06:39,
396,2158687767,(주)에스앤디비즈,정성호,분석,52862000,88.145,87.873,0.14633 (100.14633),13 7,2021/07/20 12:35:44,
397,2158620617,미디어텔레콤(주),김용대,분석,52862222,88.145,87.873,0.14675 (100.14675),1 5,2021/07/21 06:58:47,
398,1198637085,(주) 하이네트워크,이준수,분석,52863145,88.147,87.875,0.14849 (100.14849),9 1,2021/07/20 10:15:19,
399,1058606899,이화티티씨(주),이선정,분석,52864834,88.149,87.878,0.15169 (100.15169),1 6,2021/07/21 16:09:29,
400,2068193673,지에스네트웍스(주),임동배,분석,52865250,88.15,87.878,0.15248 (100.15248),1 11,2021/07/21 13:53:13,
401,1178138991,(주)비앤씨솔루션,송인걸,분석,52865410,88.15,87.879,0.15279 (100.15279),1 2,2021/07/22 09:15:19,
402,2158693084,주식회사 온파워아이앤티,송종희,분석,52865500,88.151,87.879,0.15296 (100.15296),2 9,2021/07/22 09:52:33,
403,1018662695,주식회사 메가시스템,김대석,분석,52866406,88.152,87.88,0.15467 (100.15467),14 2,2021/07/21 15:51:52,
404,1108175530,주식회사창조씨엔에스,정혜경,분석,52866680,88.153,87.881,0.15519 (100.15519),1 7,2021/07/21 11:51:04,
405,2158145215,동원전척(주),김순한,분석,52866946,88.153,87.881,0.15570 (100.1557),3 10,2021/07/20 10:42:30,
406,1098617947,(주)소망아이앤티,서창숙,분석,52867900,88.155,87.883,0.15750 (100.1575),9 13,2021/07/20 14:17:21,
407,1428168147,주식회사 다옴건설,이창석,분석,52868300,88.155,87.883,0.15826 (100.15826),3 13,2021/07/21 11:58:50,
408,1288126291,주식회사 성화,이재환,분석,52869900,88.158,87.886,0.16129 (100.16129),3 5,2021/07/20 15:29:08,
409,2158164599,앤에스씨정보시스템(주),한만영,분석,52870270,88.158,87.887,0.16199 (100.16199),7 4,2021/07/21 09:27:14,
410,2158704216,아임스통신주식회사,김종길,분석,52870380,88.159,87.887,0.16220 (100.1622),6 7,2021/07/22 09:26:31,
411,2108156959,두레에스텍 주식회사,유의근,분석,52870400,88.159,87.887,0.16224 (100.16224),5 13,2021/07/22 09:35:29,
412,1058674193,(주)다인트론,서선동,분석,52870690,88.159,87.887,0.16279 (100.16279),3 11,2021/07/21 08:28:38,
413,2118713620,(주) 필라테크,박동현,분석,52870694,88.159,87.887,0.16280 (100.1628),2 14,2021/07/21 19:34:31,
414,8038600460,주식회사 파르이앤씨,김종훈,분석,52871030,88.16,87.888,0.16343 (100.16343),3 12,2021/07/22 08:50:03,
415,1148680379,주식회사 다경시스템,김대원,분석,52872230,88.162,87.89,0.16571 (100.16571),5 1,2021/07/21 08:06:13,
416,1198640708,주식회사 청아정보통신,윤석근,분석,52872500,88.162,87.89,0.16622 (100.16622),9 11,2021/07/20 18:08:34,
417,2048170015,(주)하남통신,김종화,분석,52872938,88.163,87.891,0.16705 (100.16705),7 15,2021/07/20 14:44:12,
418,1088196885,주식회사글로벌정보통신,양진이,분석,52873330,88.164,87.892,0.16779 (100.16779),5 13,2021/07/21 10:12:15,
419,2148767256,주식회사 미디어디바이스,이강일,분석,52873650,88.164,87.892,0.16840 (100.1684),14 15,2021/07/21 09:23:38,
420,2118620935,주식회사 한양티이씨,조형국,분석,52873862,88.164,87.893,0.16880 (100.1688),11 10,2021/07/21 18:07:12,
421,2158735193,주식회사 시너젠,윤금란,분석,52874070,88.165,87.893,0.16919 (100.16919),5 9,2021/07/21 09:37:16,
422,2188106400,한양전자산업(주),최병훈,분석,52875120,88.167,87.895,0.17118 (100.17118),3 5,2021/07/22 08:16:55,
423,1198178757,주식회사우신아이앤씨,이화세,분석,52875300,88.167,87.895,0.17152 (100.17152),10 14,2021/07/21 16:53:05,
424,1138141456,(주)나우아이앤씨,이미화,분석,52875602,88.167,87.896,0.17209 (100.17209),10 8,2021/07/21 11:03:03,
425,2037683508,우리통신네트워크,김만수,분석,52875970,88.168,87.896,0.17279 (100.17279),7 4,2021/07/20 15:33:58,
426,1058645188,(주)삼구정보통신,강준재,분석,52876499,88.169,87.897,0.17379 (100.17379),6 5,2021/07/20 17:25:25,
427,1138613391,주식회사 지에스씨앤씨,석덕림,분석,52877290,88.17,87.898,0.17529 (100.17529),12 8,2021/07/20 16:18:08,
428,2048131439,중앙텔콤(주),오충석,분석,52877502,88.171,87.899,0.17569 (100.17569),8 6,2021/07/21 10:21:55,
429,1188117645,(주)유투넷,최병국,분석,52877770,88.171,87.899,0.17620 (100.1762),14 5,2021/07/20 10:44:44,
430,1068654453,주식회사 티엔에스솔루션,박종수,분석,52877820,88.171,87.899,0.17630 (100.1763),14 6,2021/07/20 16:21:22,
431,2208106252,(주)중선아이티씨,김학선,분석,52877925,88.171,87.899,0.17650 (100.1765),1 5,2021/07/21 09:43:15,
432,2148768992,주식회사 앤샵,장진화,분석,52878010,88.171,87.9,0.17666 (100.17666),5 15,2021/07/21 08:54:26,
433,1058164176,(주)신보파워텍,공민우,분석,52878400,88.172,87.9,0.17740 (100.1774),2 6,2021/07/22 09:20:29,
434,1074870357,영진정보통신,김종규,분석,52878450,88.172,87.9,0.17749 (100.17749),9 10,2021/07/20 14:57:34,
435,1138131356,중원기전(주),김창중,분석,52878750,88.173,87.901,0.17806 (100.17806),11 9,2021/07/21 08:54:00,
436,1068648117,주식회사 티원엘에스,김영규,분석,52879773,88.174,87.902,0.18000 (100.18),9 7,2021/07/21 14:12:18,
437,1068663404,주식회사 씨씨티비네오텍,최영근,분석,52879983,88.175,87.903,0.18039 (100.18039),2 10,2021/07/22 09:07:12,
438,1068660843,세중물산 주식회사,김용욱,분석,52880200,88.175,87.903,0.18081 (100.18081),14 5,2021/07/20 15:26:20,
439,1088167041,(주)가디엘,최혜심,분석,52880410,88.175,87.904,0.18120 (100.1812),5 15,2021/07/22 09:44:53,
440,2068682619,주식회사 엠플러스통신,신동수,분석,52880460,88.175,87.904,0.18130 (100.1813),10 13,2021/07/20 11:43:19,
441,1058221062,사단법인 대한장애인복지협회,박재환,분석,52880773,88.176,87.904,0.18189 (100.18189),10 11,2021/07/21 16:44:26,
442,1038600899,동양유비스 주식회사,윤여정,분석,52881250,88.177,87.905,0.18279 (100.18279),8 14,2021/07/20 14:40:46,
442,2140875125,삼화전기정보통신공사,석동욱,분석,52881250,88.177,87.905,0.18279 (100.18279),7 6,2021/07/21 18:58:53,
444,7148800617,주식회사 성진정보통신,문계철,분석,52881356,88.177,87.905,0.18300 (100.183),3 7,2021/07/20 15:34:35,
445,2148683225,(주)신화시스템,채관석,분석,52881460,88.177,87.905,0.18319 (100.18319),7 9,2021/07/21 13:14:37,
446,1178188899,주식회사 시큐렉스,최영희,분석,52882360,88.179,87.907,0.18490 (100.1849),14 5,2021/07/22 08:40:49,
447,1138683636,주식회사 온택,허윤훈,분석,52882500,88.179,87.907,0.18516 (100.18516),7 11,2021/07/21 10:31:53,
448,1208134161,(주)파코코리아인더스,송재혁,분석,52882677,88.179,87.907,0.18550 (100.1855),14 8,2021/07/21 14:34:09,
449,1328800173,난방산업 주식회사,강경옥,분석,52883000,88.18,87.908,0.18611 (100.18611),4 1,2021/07/21 09:17:56,
450,1108131416,중앙하이텔 주식회사,김광헌,분석,52883220,88.18,87.908,0.18653 (100.18653),14 8,2021/07/21 10:14:12,
451,1138615856,(주)서원티에스,김안수,분석,52883360,88.18,87.908,0.18679 (100.18679),12 5,2021/07/20 15:20:58,
452,1118129252,광원전설(주),김영선,분석,52883995,88.181,87.909,0.18800 (100.188),7 12,2021/07/22 09:52:32,
453,1198688435,시큐리티앤맵 주식회사,정동회,분석,52884620,88.182,87.91,0.18918 (100.18918),1 3,2021/07/21 11:16:55,
454,2048182831,주식회사 세명에스엠지,장병철,분석,52885000,88.183,87.911,0.18990 (100.1899),7 9,2021/07/20 10:13:09,
455,1180673427,한마음정보시스템,정인숙,분석,52885783,88.184,87.912,0.19138 (100.19138),4 10,2021/07/21 10:31:37,
456,2178601498,주식회사 엔키텍,원영춘,분석,52885791,88.184,87.912,0.19140 (100.1914),9 11,2021/07/21 08:36:51,
457,3828700771,주식회사 우진지앤에스,정안수,분석,52886159,88.185,87.913,0.19209 (100.19209),8 5,2021/07/21 15:43:51,
458,2298139274,(주)영풍전력설비,심문수,분석,52886850,88.186,87.914,0.19340 (100.1934),11 4,2021/07/20 10:05:47,
459,1128118909,(주)한일종합산업,박응석,분석,52887000,88.186,87.914,0.19369 (100.19369),1 12,2021/07/21 13:43:59,
460,5338700141,주식회사 인프라엔이,정우진,분석,52888059,88.188,87.916,0.19569 (100.19569),12 13,2021/07/21 09:09:29,
461,1098172945,(주)마커스코리아,이헌철,분석,52888850,88.189,87.918,0.19719 (100.19719),7 2,2021/07/21 15:45:16,
461,1148637474,(주)티아이에스정보통신,이동헌,분석,52888850,88.189,87.918,0.19719 (100.19719),8 10,2021/07/21 13:29:18,
463,2058125376,주식회사 명성라이픽스,황석고,분석,52889010,88.19,87.918,0.19750 (100.1975),3 1,2021/07/21 16:40:59,
464,1018178116,(주)오경컴텍,김종근,분석,52891020,88.193,87.921,0.20130 (100.2013),13 3,2021/07/21 09:19:25,
465,2178113330,(주)오성에스이엠,오성표,분석,52891279,88.194,87.922,0.20179 (100.20179),7 6,2021/07/20 14:30:42,
466,2100412872,유광미디어,김유성,분석,52891370,88.194,87.922,0.20197 (100.20197),1 11,2021/07/21 09:20:44,
467,2148798098,주식회사 에이스뷰테크,김종오,분석,52891900,88.195,87.923,0.20297 (100.20297),7 4,2021/07/21 11:13:46,
468,8028701099,주식회사 에이블그리드,엄성용,분석,52893500,88.197,87.925,0.20600 (100.206),12 15,2021/07/22 08:45:42,
469,1058746675,(주)양지이엔지,김동수,분석,52895186,88.2,87.928,0.20920 (100.2092),2 13,2021/07/21 14:30:26,
470,5868701163,주식회사 하이텍에이브이,김라영,분석,52897613,88.204,87.932,0.21379 (100.21379),15 8,2021/07/21 22:18:10,
471,1018211295,사단법인 한국장애인이워크협회,조무호,분석,52898200,88.205,87.933,0.21491 (100.21491),10 7,2021/07/20 10:12:39,
472,1130259965,LG미래정보통신,황병창,분석,52898870,88.206,87.934,0.21618 (100.21618),14 8,2021/07/22 07:52:01,
473,1898101636,주식회사 케이제이통신시스템,문장희,분석,52898990,88.206,87.934,0.21640 (100.2164),9 15,2021/07/20 10:42:43,
474,1018116968,(주)넥슨정보통신,신양인,분석,52899560,88.207,87.935,0.21748 (100.21748),9 12,2021/07/20 10:29:35,
475,5048133604,주식회사다온네트웍스,김진환,분석,52899570,88.207,87.935,0.21750 (100.2175),8 15,2021/07/21 09:57:50,
476,1138658592,위너시스텍 주식회사,조용걸,분석,52900100,88.208,87.936,0.21851 (100.21851),6 14,2021/07/20 13:34:10,
477,1018183448,(주)에이치애비뉴앤컴퍼니,정현이,분석,52901256,88.21,87.938,0.22070 (100.2207),6 2,2021/07/20 17:10:41,
478,1058792785,주식회사 신석,김민경,분석,52901570,88.211,87.939,0.22129 (100.22129),9 15,2021/07/20 12:49:05,
479,1058773833,시큐솔루션 주식회사,남병창,분석,52901670,88.211,87.939,0.22148 (100.22148),10 13,2021/07/22 08:30:56,
480,8418601383,주식회사 미리내통신,김익섭,분석,52901980,88.211,87.939,0.22207 (100.22207),13 12,2021/07/20 19:16:47,
481,2148885547,주식회사 디앤와이코리아,손경탁,분석,52902892,88.213,87.941,0.22380 (100.2238),4 1,2021/07/20 11:37:05,
482,1178164451,(주)지엠디텔레콤,김창윤,분석,52903040,88.213,87.941,0.22408 (100.22408),8 11,2021/07/22 09:14:07,
483,1018642326,한우이앤에스(주),변준석,분석,52903789,88.214,87.942,0.22549 (100.22549),10 6,2021/07/21 08:34:36,
484,1108153161,(주)나이츠넷,이용현,분석,52905901,88.218,87.946,0.22950 (100.2295),3 6,2021/07/21 10:57:52,
485,8738800217,주식회사 무한정보기술,이명화,분석,52906600,88.219,87.947,0.23082 (100.23082),12 10,2021/07/21 21:18:17,
486,1388113508,(주)이엔티파워,장정수,분석,52906640,88.219,87.947,0.23090 (100.2309),2 1,2021/07/21 16:00:45,
487,1198618088,주식회사 하이넷 네트웍스,김동순,분석,52907110,88.22,87.948,0.23179 (100.23179),4 7,2021/07/20 16:21:01,
488,1208128825,(주)이일엔지니어링,정찬면,분석,52907170,88.22,87.948,0.23190 (100.2319),7 2,2021/07/20 11:07:57,
489,1068606738,(주)퓨쳐아이티,정정민,분석,52908000,88.221,87.949,0.23347 (100.23347),4 12,2021/07/20 15:38:38,
490,1188119624,탑정보통신(주),오영권,분석,52908170,88.222,87.95,0.23379 (100.23379),5 9,2021/07/21 20:02:41,
491,1208762238,(주)컴스정보기술,김응관,분석,52908434,88.222,87.95,0.23429 (100.23429),4 8,2021/07/20 13:53:42,
492,2138800230,주식회사 성민전기통신,홍종애,분석,52909068,88.223,87.951,0.23550 (100.2355),11 15,2021/07/21 00:09:28,
493,2208108546,경림전기(주),김인형,분석,52909200,88.223,87.951,0.23575 (100.23575),10 8,2021/07/20 10:03:25,
494,6378801279,주식회사정암정보통신,조강수,분석,52910120,88.225,87.953,0.23749 (100.23749),13 1,2021/07/21 07:58:49,
495,2208139700,(주)애플파워,김성국,분석,52911035,88.226,87.954,0.23922 (100.23922),11 5,2021/07/20 16:14:00,
496,1078212647,사단법인 한국장애인정치포럼,배영환,분석,52911813,88.228,87.956,0.24070 (100.2407),12 10,2021/07/22 09:21:09,
497,2018190031,주식회사 태건씨앤씨,김복수,분석,52912130,88.228,87.956,0.24130 (100.2413),2 9,2021/07/21 08:35:01,
498,1058618361,한글정보통신(주),최경환,분석,52912393,88.229,87.957,0.24179 (100.24179),9 14,2021/07/20 15:23:48,
499,1098153915,하비넷정보통신(주),이종훈,분석,52913510,88.231,87.959,0.24391 (100.24391),7 8,2021/07/22 09:38:03,
500,1208793560,주식회사 아이페이지온,김영환,분석,52914080,88.232,87.959,0.24499 (100.24499),8 10,2021/07/20 13:21:20,
501,2158159534,주식회사 하이텍이피씨,정구천,분석,52914452,88.232,87.96,0.24570 (100.2457),1 4,2021/07/22 07:59:02,
502,1088178984,(주)포소드,마명철,분석,52914820,88.233,87.961,0.24639 (100.24639),12 8,2021/07/21 09:27:26,
503,1278171963,(주)서광시스템,박영,분석,52915000,88.233,87.961,0.24673 (100.24673),3 4,2021/07/21 17:26:33,
504,1068164354,(주)코알라전자시스템,장종기,분석,52915040,88.233,87.961,0.24681 (100.24681),14 7,2021/07/21 09:25:20,
505,1048142446,주식회사 디에스 이앤티,양종만,분석,52916046,88.235,87.963,0.24872 (100.24872),1 13,2021/07/21 16:40:56,
506,2198128028,(주)성신네트워크,강성범,분석,52917400,88.237,87.965,0.25128 (100.25128),12 7,2021/07/20 18:01:07,
507,1068617410,(주) 한성,한동열,분석,52917777,88.238,87.966,0.25199 (100.25199),12 10,2021/07/20 10:35:53,
508,7998800243,주식회사 비티엘정보통신,최성진,분석,52918420,88.239,87.967,0.25321 (100.25321),11 6,2021/07/20 15:27:41,
509,2158721947,(주)엠지브이보안시스템,김흥국,분석,52918464,88.239,87.967,0.25330 (100.2533),7 14,2021/07/22 09:22:48,
510,1018126108,(주)일능,심금자,분석,52919467,88.241,87.968,0.25520 (100.2552),14 11,2021/07/21 09:51:23,
511,1298119624,우일계전공업 주식회사,백노현,분석,52919500,88.241,87.968,0.25526 (100.25526),2 12,2021/07/21 16:11:43,
512,1098166803,(주)아이앤씨파트너스,곽준철,분석,52919680,88.241,87.969,0.25560 (100.2556),9 14,2021/07/22 09:29:03,
513,4538100144,주식회사 파란아이티,성기빈,분석,52920420,88.242,87.97,0.25700 (100.257),9 7,2021/07/22 09:20:24,
514,1708601068,주식회사 와이비정보시스템,정영배,분석,52920580,88.242,87.97,0.25730 (100.2573),13 6,2021/07/21 15:40:59,
515,1088154468,(주)이젠정보통신,이동필,분석,52920680,88.243,87.97,0.25749 (100.25749),13 3,2021/07/20 15:48:08,
516,1138618964,주식회사 에스엠플러스정보통신,왕성모,분석,52920940,88.243,87.971,0.25799 (100.25799),3 6,2021/07/21 09:00:23,
517,1068644033,(주)코맥스디에스씨,안병호,분석,52920944,88.243,87.971,0.25799 (100.25799),4 5,2021/07/21 09:51:48,
518,2098211809,사단법인 해오름장애인협회,노영주,분석,52922690,88.246,87.974,0.26130 (100.2613),10 1,2021/07/22 08:22:24,
519,2108131394,(주)안나시스템,문병조,분석,52922950,88.246,87.974,0.26179 (100.26179),4 9,2021/07/21 14:59:42,
520,4208700205,주식회사 가은씨앤에스,양미영,분석,52923004,88.246,87.974,0.26190 (100.2619),7 4,2021/07/21 07:39:18,
521,1198175027,(주)케이웍스,김영주,분석,52923742,88.248,87.976,0.26330 (100.2633),2 6,2021/07/21 08:39:51,
522,2068170480,(주)금성전력기술,김일혁,분석,52924000,88.248,87.976,0.26378 (100.26378),8 11,2021/07/21 16:02:37,
523,1288141176,주식회사 와이씨스템,장영찬,분석,52924007,88.248,87.976,0.26380 (100.2638),12 4,2021/07/21 13:53:24,
524,2208188477,(주)에이치티엠,정기채,분석,52924375,88.249,87.977,0.26449 (100.26449),3 2,2021/07/21 08:55:53,
525,1198153402,고현건설(주),이화선,분석,52924720,88.249,87.977,0.26515 (100.26515),1 12,2021/07/21 12:52:11,
526,1018176627,(주)엔터정보통신,이용구,분석,52926276,88.252,87.98,0.26810 (100.2681),8 2,2021/07/21 11:24:55,
527,4108607408,주식회사 천운정보통신,김복중,분석,52926700,88.253,87.98,0.26890 (100.2689),2 12,2021/07/22 09:03:07,
528,1062873386,이행정보통신공사,오흥식,분석,52928190,88.255,87.983,0.27172 (100.27172),11 5,2021/07/20 17:29:04,
529,1108194463,주식회사 에스디앤제이,신동석,분석,52928334,88.255,87.983,0.27199 (100.27199),5 15,2021/07/20 21:55:20,
530,2618126604,주식회사 래오시스,윤경,분석,52928493,88.256,87.983,0.27230 (100.2723),10 13,2021/07/20 20:30:15,
531,1058611510,이노테크놀로지(주),장기배,분석,52928888,88.256,87.984,0.27304 (100.27304),15 14,2021/07/20 10:20:51,
532,2128142640,팍스코이앤아이(주),송기민,분석,52929080,88.257,87.984,0.27341 (100.27341),2 14,2021/07/21 14:51:11,
533,2018633767,주식회사 명진에스앤씨,이성훈,분석,52929780,88.258,87.986,0.27473 (100.27473),13 14,2021/07/21 08:42:52,
534,1068184554,(주)송화전기통신,고진홍,분석,52929860,88.258,87.986,0.27489 (100.27489),2 8,2021/07/20 14:26:43,
535,1108127950,서경전기(주),이종환,분석,52930113,88.258,87.986,0.27536 (100.27536),6 13,2021/07/21 09:49:20,
536,1120180788,대성미디어,김상봉,분석,52930604,88.259,87.987,0.27630 (100.2763),13 15,2021/07/20 11:28:38,
537,1088175857,주식회사 리드앤컴퍼니,이귀남,분석,52930900,88.26,87.987,0.27686 (100.27686),3 8,2021/07/22 07:48:56,
538,2018147460,태성전기통신(주),이덕우,분석,52931196,88.26,87.988,0.27742 (100.27742),4 11,2021/07/21 13:02:04,
539,2158726791,(주)21세기정보기술,송채현,분석,52931610,88.261,87.989,0.27820 (100.2782),2 7,2021/07/20 17:51:38,
540,1018675701,주식회사 두이정보통신,정영희,분석,52931647,88.261,87.989,0.27827 (100.27827),7 9,2021/07/20 15:09:03,
541,6058166688,(주)세계아이티씨,김황기,분석,52933100,88.263,87.991,0.28102 (100.28102),15 1,2021/07/21 09:05:15,
542,2558600773,주식회사 대건전력,박미영,분석,52933191,88.263,87.991,0.28120 (100.2812),1 7,2021/07/21 17:43:49,
543,1088155278,금하개발(주),김채모,분석,52933240,88.263,87.991,0.28129 (100.28129),5 10,2021/07/20 17:18:51,
544,1138607924,두성건설주식회사,안성병,분석,52933300,88.264,87.991,0.28140 (100.2814),3 2,2021/07/21 10:56:12,
545,2290162579,우성전기통신,박노선,분석,52933507,88.264,87.992,0.28179 (100.28179),14 1,2021/07/20 10:21:32,
546,1171187825,신원전자,안희덕,분석,52934230,88.265,87.993,0.28316 (100.28316),3 11,2021/07/21 17:18:11,
547,1138602574,주식회사 큐디스,김성진,분석,52934520,88.266,87.993,0.28371 (100.28371),9 2,2021/07/22 09:54:31,
548,7018801658,쓰리씨건설산업 주식회사,최태규,분석,52935600,88.267,87.995,0.28576 (100.28576),13 14,2021/07/20 12:20:22,
549,1058199938,삼호전자통신(주),이경희,분석,52936390,88.269,87.997,0.28726 (100.28726),3 8,2021/07/21 09:33:28,
550,1138158414,(주)신우종합정보,김찬종,분석,52938160,88.272,88.0,0.29061 (100.29061),9 7,2021/07/20 21:47:41,
551,1128143733,공간미디어(주),김명숙,분석,52938707,88.273,88.0,0.29165 (100.29165),14 11,2021/07/22 07:27:37,
552,1288717950,주식회사 비상정보통신,배경해,분석,52938786,88.273,88.001,0.29180 (100.2918),3 8,2021/07/22 09:49:45,
553,2148115227,대상전설(주),김상범,분석,52939004,88.273,88.001,0.29221 (100.29221),15 2,2021/07/21 18:26:28,
554,2048639509,주식회사 대한유비텍,이우영,분석,52939370,88.274,88.002,0.29290 (100.2929),8 7,2021/07/22 09:50:29,
555,2068193071,(주)에디슨전기,하영복,분석,52939920,88.275,88.002,0.29394 (100.29394),9 8,2021/07/21 09:23:42,
556,2148864580,(주)리우솔루션,우삼렬,분석,52940338,88.275,88.003,0.29474 (100.29474),9 12,2021/07/20 16:00:10,
557,1098647062,주식회사 조아정보통신,박민응,분석,52940475,88.276,88.003,0.29500 (100.295),2 6,2021/07/21 10:49:34,
558,2098139213,(주)뉴타운전력,박형우,분석,52941214,88.277,88.005,0.29640 (100.2964),4 9,2021/07/22 06:48:54,
559,1148135087,장한전산(주),이상철,분석,52941790,88.278,88.006,0.29749 (100.29749),1 8,2021/07/20 15:05:06,
560,1248691271,주식회사 티팩토리,최형석,분석,52942164,88.278,88.006,0.29820 (100.2982),12 3,2021/07/20 10:49:39,
561,2118603519,에쓰이씨 주식회사,이명규,분석,52943114,88.28,88.008,0.30000 (100.3),5 11,2021/07/21 16:31:30,
562,2038150734,극동음향 주식회사,김상헌,분석,52944500,88.282,88.01,0.30262 (100.30262),13 12,2021/07/21 11:55:48,
563,1198133823,(주)씽크테크,이영록,분석,52945242,88.284,88.011,0.30403 (100.30403),14 3,2021/07/21 08:57:11,
564,5568600846,주식회사 아이콘정보통신,박종일,분석,52946704,88.286,88.014,0.30680 (100.3068),5 8,2021/07/21 14:37:41,
565,1058727284,(주)조은네트웍스,김장열,분석,52948558,88.289,88.017,0.31031 (100.31031),7 4,2021/07/21 07:09:36,
566,2118645407,흥일정보통신(주),정본영,분석,52948604,88.289,88.017,0.31040 (100.3104),6 12,2021/07/21 09:46:33,
567,1348182624,(주)이앤에스알앤디,이봉희,분석,52950000,88.291,88.019,0.31304 (100.31304),12 15,2021/07/21 07:51:36,
568,2148854189,(주)태원전기,김응식,분석,52950398,88.292,88.02,0.31379 (100.31379),8 3,2021/07/21 10:28:29,
569,2208726454,한국랜트로비젼(주),조병진,분석,52951243,88.294,88.021,0.31540 (100.3154),14 11,2021/07/20 10:39:17,
570,1198137042,(주)진명연합전설,엄재준,분석,52951455,88.294,88.022,0.31580 (100.3158),6 12,2021/07/22 09:30:56,
571,1198617129,주식회사 조인에프에스,박용민,분석,52951780,88.294,88.022,0.31641 (100.31641),5 7,2021/07/20 14:17:10,
572,2188109765,(주)웨이브컴,채인석,분석,52951824,88.294,88.022,0.31650 (100.3165),14 13,2021/07/20 14:54:06,
573,1198646401,주식회사 보문테크닉스,황정식,분석,52951871,88.295,88.022,0.31659 (100.31659),4 14,2021/07/22 08:39:16,
574,6768601611,주식회사 루트웰,노덕권,분석,52952695,88.296,88.024,0.31815 (100.31815),8 14,2021/07/22 08:21:01,
575,2158138830,주식회사와이드이엔씨,최주섭,분석,52953480,88.297,88.025,0.31963 (100.31963),14 5,2021/07/21 10:20:56,
576,1058123684,주식회사 우전정보통신,이정,분석,52954240,88.299,88.026,0.32107 (100.32107),3 7,2021/07/21 18:17:25,
577,2168107645,(주)한신기전통신,한후수,분석,52955480,88.301,88.028,0.32342 (100.32342),7 4,2021/07/20 12:53:16,
578,4098163161,(주)동우커뮤니케이션,송준성,분석,52955520,88.301,88.028,0.32350 (100.3235),1 12,2021/07/21 19:36:59,
579,1058197338,(주)라인정보시스템,홍상희,분석,52955800,88.301,88.029,0.32403 (100.32403),12 7,2021/07/22 08:53:38,
580,2148647194,투앤원정보통신주식회사,서승호,분석,52956627,88.302,88.03,0.32560 (100.3256),6 11,2021/07/20 17:43:44,
581,6042996444,세일,이종보,분석,52958000,88.305,88.032,0.32820 (100.3282),2 5,2021/07/21 04:51:36,
582,2118668579,(주)아이정보기술,이훈희,분석,52958126,88.305,88.033,0.32844 (100.32844),2 6,2021/07/20 10:26:03,
583,2108170441,주식회사 에이원아이티,문계숙,분석,52960163,88.308,88.036,0.33229 (100.33229),13 6,2021/07/22 08:37:48,
584,1088180573,다올정보기술주식회사,주재선,분석,52960520,88.309,88.037,0.33297 (100.33297),4 6,2021/07/21 09:06:58,
585,1138159301,삼인제어시스템 주식회사,최민성,분석,52961430,88.31,88.038,0.33469 (100.33469),8 15,2021/07/20 17:05:25,
586,2038143631,주식회사 티시스,최창성,분석,52961536,88.311,88.038,0.33490 (100.3349),1 15,2021/07/22 08:30:22,
587,1078640952,(주)바비젼,이주일,분석,52962162,88.312,88.039,0.33608 (100.33608),5 2,2021/07/20 14:53:04,
588,1108172440,주식회사 다보파워코리아,강희철,분석,52962328,88.312,88.04,0.33640 (100.3364),6 8,2021/07/21 15:53:29,
589,2158714581,씨엠티정보통신(주),김국동,분석,52962421,88.312,88.04,0.33657 (100.33657),11 5,2021/07/20 20:41:39,
590,1298137942,주식회사 자이온티앤에스,예용기,분석,52962539,88.312,88.04,0.33680 (100.3368),10 15,2021/07/20 11:33:05,
591,1138157962,(주)하이눈정보통신,박종우,분석,52964130,88.315,88.043,0.33981 (100.33981),11 5,2021/07/21 14:53:46,
592,1098143872,보은전자방송통신(주),우영섭,분석,52965390,88.317,88.045,0.34220 (100.3422),11 6,2021/07/20 19:52:12,
593,7078100041,주식회사 보가텍,박정미,분석,52965442,88.317,88.045,0.34230 (100.3423),4 13,2021/07/21 15:57:49,
594,2048161869,(주)근영이엔씨,이성영,분석,52966283,88.319,88.046,0.34389 (100.34389),12 13,2021/07/21 17:22:56,
595,2068694508,주식회사 웰정보기술,강희춘,분석,52966591,88.319,88.047,0.34447 (100.34447),4 15,2021/07/22 08:57:14,
596,1068602542,주식회사 유셀네트웍스,김구동,분석,52967818,88.321,88.049,0.34680 (100.3468),12 9,2021/07/21 17:30:12,
597,1198153514,다린전력(주),오승한,분석,52968580,88.322,88.05,0.34824 (100.34824),15 12,2021/07/21 19:02:01,
598,2038101742,株式會社 革新電工社,김희웅,분석,52968750,88.323,88.05,0.34856 (100.34856),3 1,2021/07/21 08:40:06,
599,1148726111,티비엠테크주식회사,김치연,분석,52970700,88.326,88.054,0.35226 (100.35226),1 5,2021/07/20 10:56:35,
600,2068153517,뉴텔레콤(주),김을선,분석,52971510,88.327,88.055,0.35379 (100.35379),3 11,2021/07/22 08:59:52,
601,1208742606,주식회사 테눅스,전석순,분석,52971940,88.328,88.056,0.35461 (100.35461),8 4,2021/07/20 15:18:32,
602,1138668654,주식회사코리아아이씨티,장규호,분석,52972040,88.328,88.056,0.35480 (100.3548),8 12,2021/07/20 14:37:27,
603,2048182660,동원오비텍(주),박동을,분석,52972450,88.329,88.057,0.35557 (100.35557),10 8,2021/07/22 09:17:18,
604,2118716291,(주)유토닉스,박찬호,분석,52972451,88.329,88.057,0.35557 (100.35557),14 5,2021/07/21 16:03:15,
605,4908801461,주식회사 긱스퍼,이정아,분석,52973097,88.33,88.058,0.35680 (100.3568),3 9,2021/07/21 09:58:43,
606,2048620126,(주)상부사종합건설,이상만,분석,52973131,88.33,88.058,0.35686 (100.35686),14 15,2021/07/22 08:05:31,
607,1048140865,다이아몬드전자(주),이건,분석,52973800,88.331,88.059,0.35813 (100.35813),2 13,2021/07/21 08:57:10,
608,1138693094,주식회사 치우아이티,강호승,분석,52974080,88.332,88.059,0.35866 (100.35866),1 4,2021/07/22 08:50:24,
609,1208612783,주식회사 나오디지탈,안병우,분석,52975999,88.335,88.062,0.36230 (100.3623),12 5,2021/07/20 10:08:13,
610,1178122655,셀렉트정보기술(주),임윤정,분석,52976791,88.336,88.064,0.36380 (100.3638),3 11,2021/07/22 08:24:51,
611,2148777322,주식회사 보림프러스,김병관,분석,52977109,88.337,88.064,0.36440 (100.3644),11 2,2021/07/21 14:44:20,
612,2028159713,거산음향통신(주),김기만,분석,52977530,88.337,88.065,0.36520 (100.3652),2 5,2021/07/20 15:08:30,
613,1068801571,원테크놀로지 주식회사,강정수,분석,52977635,88.338,88.065,0.36539 (100.36539),1 2,2021/07/20 21:46:13,
614,1198658528,진솔이앤에스 주식회사,김정현,분석,52978321,88.339,88.066,0.36669 (100.36669),9 2,2021/07/21 09:28:39,
615,1108164858,(주)에스에이정보기술,김성빈,분석,52978375,88.339,88.066,0.36680 (100.3668),2 15,2021/07/21 10:48:00,
616,1018605466,금부통신 주식회사,정재학,분석,52978800,88.339,88.067,0.36760 (100.3676),14 7,2021/07/21 16:49:28,
617,1208782160,에스엔에스이서비스주식회사,정경식,분석,52980433,88.342,88.07,0.37070 (100.3707),4 14,2021/07/20 12:42:49,
618,2018634956,주식회사 신성전자통신,전용한,분석,52981436,88.344,88.071,0.37260 (100.3726),14 15,2021/07/20 11:44:33,
619,1168161465,(주)솔루텍시스템,이인명,분석,52982744,88.346,88.074,0.37507 (100.37507),5 1,2021/07/20 13:17:50,
620,2148847295,티에스퓨처 주식회사,김명성,분석,52982970,88.346,88.074,0.37550 (100.3755),7 9,2021/07/20 17:42:14,
621,5028131745,(주)에즈웰플러스,이기호,분석,52983800,88.348,88.075,0.37707 (100.37707),8 9,2021/07/21 11:26:15,
622,2048620636,(주)유시스,이경재,분석,52984800,88.349,88.077,0.37897 (100.37897),12 8,2021/07/20 17:12:12,
623,2158682840,차일정보통신(주),오상국,분석,52985343,88.35,88.078,0.38000 (100.38),8 9,2021/07/21 09:46:20,
624,1078658471,우암정보통신 주식회사,김정훈,분석,52985553,88.351,88.078,0.38040 (100.3804),3 7,2021/07/21 14:07:22,
625,8568800361,주식회사 우선기술,정우영,분석,52986714,88.353,88.08,0.38259 (100.38259),10 6,2021/07/21 09:47:25,
626,2208114219,서림기전개발(주),송석웅,분석,52987620,88.354,88.082,0.38431 (100.38431),12 7,2021/07/21 14:49:06,
627,3688701395,주식회사아이존스,정구희,분석,52987770,88.354,88.082,0.38460 (100.3846),3 14,2021/07/20 20:23:26,
628,2078129117,경우전기(주),김한정,분석,52988640,88.356,88.083,0.38624 (100.38624),3 12,2021/07/21 09:07:48,
629,1138175669,(주)용상전기통신,권혁기,분석,52988770,88.356,88.084,0.38649 (100.38649),13 4,2021/07/22 08:16:11,
630,2048635411,주식회사 화산에스티아이,이명재,분석,52989460,88.357,88.085,0.38780 (100.3878),11 2,2021/07/20 15:10:51,
631,1208768187,주식회사 다윈시스템,유재성,분석,52990200,88.358,88.086,0.38920 (100.3892),1 5,2021/07/20 17:28:26,
632,1068619761,(주) 한걸음정보통신,정진원,분석,52991990,88.361,88.089,0.39259 (100.39259),3 12,2021/07/21 15:16:14,
633,8418600934,주식회사 디토시스,이민용,분석,52992570,88.362,88.09,0.39369 (100.39369),6 8,2021/07/20 10:06:00,
634,1068194348,(주)퓨젼아이앤씨,임영출,분석,52992885,88.363,88.09,0.39429 (100.39429),11 2,2021/07/21 14:02:16,
635,1138633645,주식회사 와이넷,석지윤,분석,52993650,88.364,88.092,0.39573 (100.39573),14 3,2021/07/20 16:36:44,
636,2068617141,(주)텔코아,황민석,분석,52993950,88.365,88.092,0.39630 (100.3963),1 10,2021/07/20 18:00:02,
637,1208742187,주식회사 미소아이티,김재욱,분석,52993980,88.365,88.092,0.39636 (100.39636),7 8,2021/07/21 09:17:17,
638,2108118504,보성전기산업(주),강명구,분석,52994200,88.365,88.093,0.39678 (100.39678),11 12,2021/07/20 10:02:48,
639,1068681756,주식회사 융창,이재진,분석,52994450,88.366,88.093,0.39725 (100.39725),11 4,2021/07/20 12:50:12,
640,1018148698,(주)석산텔레콤,박봉환,분석,52997061,88.37,88.097,0.40220 (100.4022),1 8,2021/07/22 09:12:04,
641,2208719934,주식회사 지제이전기통신,김진수,분석,52997271,88.37,88.098,0.40259 (100.40259),9 1,2021/07/20 13:15:50,
642,1138606420,(주)엠케이시큐리티,박상철,분석,52997500,88.371,88.098,0.40303 (100.40303),9 11,2021/07/20 14:54:18,
643,1058188805,(주)경성텔레콤,김천수,분석,52998270,88.372,88.099,0.40449 (100.40449),14 3,2021/07/21 12:27:47,
644,2448601409,주식회사 지투넥스,김용태,분석,52999490,88.374,88.101,0.40680 (100.4068),14 2,2021/07/21 16:03:52,
645,3358601928,주식회사 제이아이앤티,박현철,분석,53000000,88.375,88.102,0.40776 (100.40776),3 11,2021/07/20 10:34:03,
646,1128152149,(주)일신티에이치이,이상운,분석,53002498,88.379,88.106,0.41250 (100.4125),14 7,2021/07/21 21:02:24,
647,2148883836,주식회사 포엠넷,전영진,분석,53002600,88.379,88.107,0.41269 (100.41269),2 6,2021/07/20 10:56:53,
648,1088107572,동광전기건설(주),박재영,분석,53003130,88.38,88.108,0.41369 (100.41369),14 12,2021/07/21 20:06:00,
649,2108108684,주식회사 대금이앤아이,김종우,분석,53003190,88.38,88.108,0.41381 (100.41381),4 12,2021/07/20 18:34:19,
650,1058693453,주식회사태융정보통신,문성준,분석,53004100,88.382,88.109,0.41553 (100.41553),15 8,2021/07/22 02:17:01,
651,1068601621,주식회사 동양타브,이세근,분석,53004500,88.382,88.11,0.41629 (100.41629),15 9,2021/07/21 15:29:50,
652,1068638093,(주)엘케이시스코,이기일,분석,53004590,88.382,88.11,0.41646 (100.41646),3 9,2021/07/21 09:53:49,
653,2158774589,주식회사 스카이코어,최명훈,분석,53005030,88.383,88.111,0.41729 (100.41729),7 15,2021/07/21 13:05:42,
654,1098603593,주식회사 완일이씨에스,김경창,분석,53008620,88.389,88.117,0.42410 (100.4241),1 15,2021/07/22 09:02:09,
655,1208662454,(주)위엠비,김수현,분석,53009870,88.391,88.119,0.42646 (100.42646),1 3,2021/07/20 10:05:18,
656,2128196942,동진이앤씨(주),민진식,분석,53010260,88.392,88.119,0.42720 (100.4272),6 1,2021/07/21 17:09:25,
657,1208194567,아산정보통신(주),홍수길,분석,53010983,88.393,88.121,0.42857 (100.42857),15 3,2021/07/21 14:24:26,
658,1478800423,제이정보기술 주식회사,이승희,분석,53010990,88.393,88.121,0.42859 (100.42859),13 8,2021/07/22 09:19:29,
659,1148723074,주식회사 천일엠이씨,조혜진,분석,53013140,88.397,88.124,0.43266 (100.43266),3 2,2021/07/21 17:28:40,
660,2068666263,세움기술 주식회사,주익중,분석,53014263,88.399,88.126,0.43479 (100.43479),6 5,2021/07/21 17:00:58,
661,2308103607,주식회사 디케이앤트,양동국,분석,53015150,88.4,88.127,0.43647 (100.43647),5 3,2021/07/21 15:49:37,
662,2101252831,유비아이티,김창갑,분석,53015324,88.4,88.128,0.43680 (100.4368),3 8,2021/07/22 08:50:40,
663,1058684745,(주)대곤아이엔씨,이체범,분석,53015467,88.401,88.128,0.43707 (100.43707),1 8,2021/07/20 10:50:18,
664,2208602950,(주)세연텔레콤,홍성일,분석,53016250,88.402,88.129,0.43855 (100.43855),9 2,2021/07/20 14:23:10,
665,2068663169,(주)지엠케이정보통신,현익재,분석,53016486,88.402,88.13,0.43900 (100.439),15 12,2021/07/20 14:48:01,
666,2108130492,명신정보통신(주),서철,분석,53016750,88.403,88.13,0.43950 (100.4395),6 11,2021/07/20 15:02:40,
667,2048131967,(주)용백전설,곽의영,분석,53017344,88.404,88.131,0.44062 (100.44062),13 11,2021/07/20 10:44:40,
668,1138679165,주식회사 드림아이시스템,유원준,분석,53020430,88.409,88.136,0.44647 (100.44647),8 6,2021/07/20 14:13:23,
669,1048603486,우영메카(주),김규승,분석,53020603,88.409,88.137,0.44680 (100.4468),14 7,2021/07/21 00:07:18,
670,1048120291,청음통신 주식회사,임광희,분석,53021299,88.41,88.138,0.44812 (100.44812),7 14,2021/07/22 09:46:58,
671,2028136990,(주)무궁화전자,이효형,분석,53021360,88.41,88.138,0.44823 (100.44823),8 1,2021/07/21 16:27:19,
672,2148840477,주식회사 알비에스테크,김동헌,분석,53023980,88.415,88.142,0.45319 (100.45319),7 4,2021/07/22 06:35:00,
673,2208660663,주식회사 데이타렉스,김정국,분석,53024200,88.415,88.143,0.45361 (100.45361),8 9,2021/07/21 13:14:43,
674,1078127876,동하시티개발주식회사,윤종사,분석,53024615,88.416,88.143,0.45440 (100.4544),13 12,2021/07/21 23:10:37,
675,2098153286,미르네트웍스 주식회사,백태종,분석,53024650,88.416,88.143,0.45446 (100.45446),6 3,2021/07/22 00:09:43,
676,1148190678,주식회사 에드원,김춘걸,분석,53025040,88.417,88.144,0.45520 (100.4552),4 15,2021/07/20 18:40:58,
677,1170233690,화진정보통신,김병철,분석,53025459,88.417,88.145,0.45600 (100.456),6 7,2021/07/21 10:29:29,
678,2018643926,두전네트웍스 주식회사,김병현,분석,53025560,88.417,88.145,0.45619 (100.45619),10 5,2021/07/20 14:35:36,
679,6078616291,케이시스 주식회사,김중섭,분석,53025882,88.418,88.145,0.45680 (100.4568),12 1,2021/07/20 16:47:19,
680,2098130809,(주)엔트립,최종국,분석,53027120,88.42,88.147,0.45914 (100.45914),15 5,2021/07/20 10:43:13,
681,1200295066,비젼텔레콤,임의석,분석,53027250,88.42,88.148,0.45939 (100.45939),4 14,2021/07/22 08:31:14,
682,1168152044,(주)엠씨에스텍,우희탁,분석,53028467,88.422,88.15,0.46170 (100.4617),8 4,2021/07/21 14:58:08,
683,2148647495,(주)테크스피어,최환수,분석,53028680,88.423,88.15,0.46210 (100.4621),6 13,2021/07/20 15:45:06,
684,2018604729,주식회사 케이티 서비스 북부,이성규,분석,53030940,88.426,88.154,0.46638 (100.46638),6 10,2021/07/22 08:54:03,
685,1068146133,(주)케이씨이,조정휘,분석,53031160,88.427,88.154,0.46680 (100.4668),2 12,2021/07/20 10:56:49,
686,1068167098,코스믹전기통신 주식회사,이규선,분석,53031670,88.428,88.155,0.46776 (100.46776),6 3,2021/07/21 15:47:05,
687,2118698428,테크노빌리지 주식회사,유인목,분석,53031867,88.428,88.155,0.46814 (100.46814),1 11,2021/07/20 16:14:01,
688,1148642486,주식회사 큐브정보통신,유봉수,분석,53033210,88.43,88.158,0.47068 (100.47068),8 7,2021/07/21 11:13:04,
689,1198178378,주식회사 웨더피아,임상욱,분석,53034030,88.432,88.159,0.47223 (100.47223),6 8,2021/07/21 18:46:27,
690,7418801210,주식회사 한국에이브이산업,이재숙,분석,53034430,88.432,88.16,0.47299 (100.47299),2 4,2021/07/21 06:44:50,
691,2208100563,경창계전 주식회사,이성욱,분석,53034750,88.433,88.16,0.47360 (100.4736),10 8,2021/07/21 14:49:19,
692,1098162433,광명정보통신(주),김형준,분석,53035650,88.434,88.162,0.47530 (100.4753),4 6,2021/07/20 14:03:53,
693,2148705513,주식회사 케이이에스 전기공사,강성진,분석,53037493,88.437,88.165,0.47879 (100.47879),15 12,2021/07/21 09:02:47,
694,2068650742,한선씨앤씨 주식회사,장홍식,분석,53037890,88.438,88.165,0.47955 (100.47955),9 8,2021/07/21 10:16:04,
695,2148123348,성제전기(주),김팔성,분석,53038391,88.439,88.166,0.48050 (100.4805),14 9,2021/07/22 09:11:25,
696,1198600157,(주)제스엔지니어링,오인수,분석,53039340,88.44,88.168,0.48229 (100.48229),4 7,2021/07/21 08:29:53,
697,1078649711,주식회사 백선통신,황선호,분석,53041870,88.445,88.172,0.48709 (100.48709),7 5,2021/07/21 08:56:56,
698,1058153698,진우산전(주),정진태,분석,53042772,88.446,88.173,0.48880 (100.4888),10 12,2021/07/20 15:30:19,
699,2148669048,보라정보통신 주식회사,송석상,분석,53043089,88.447,88.174,0.48940 (100.4894),10 15,2021/07/21 14:47:43,
700,1198141207,(주)텍센,권유찬,분석,53043300,88.447,88.174,0.48980 (100.4898),5 13,2021/07/22 09:07:26,
701,5568600996,주영전자통신 주식회사,임채열,분석,53043880,88.448,88.175,0.49089 (100.49089),3 9,2021/07/21 09:27:54,
702,1068157019,(주)세호영상,박석신,분석,53045000,88.45,88.177,0.49302 (100.49302),7 15,2021/07/21 09:06:45,
703,2158168275,천마정보통신(주),황범만,분석,53047000,88.453,88.18,0.49681 (100.49681),4 5,2021/07/22 08:10:49,
704,1078636517,주식회사 국일이앤씨,서남석,분석,53047735,88.454,88.182,0.49820 (100.4982),4 1,2021/07/21 13:14:28,
705,2208615417,마인드원 주식회사,차희원,분석,53049100,88.457,88.184,0.50078 (100.50078),8 3,2021/07/22 08:35:23,
706,2148842024,주식회사 에이번,김지윤,분석,53051320,88.46,88.188,0.50499 (100.50499),12 8,2021/07/22 09:20:06,
707,1138609204,케이티텔레캅 주식회사,장지호,분석,53052643,88.463,88.19,0.50750 (100.5075),10 1,2021/07/20 10:32:18,
708,2148180640,(주)남인정보통신,김남호,분석,53053170,88.463,88.191,0.50849 (100.50849),3 7,2021/07/20 16:30:55,
709,2208806533,강남정보기술 주식회사,주용삼,분석,53054170,88.465,88.192,0.51039 (100.51039),8 11,2021/07/21 16:05:00,
710,2148105563,(주)인성이엔씨,김규만,분석,53054913,88.466,88.194,0.51180 (100.5118),9 15,2021/07/20 10:31:21,
711,2208129987,광명통신안전 주식회사,김성희,분석,53057270,88.47,88.197,0.51626 (100.51626),11 13,2021/07/22 08:40:27,
712,1108179327,(주) 유엘네트웍스,정재순,분석,53061731,88.478,88.205,0.52471 (100.52471),4 1,2021/07/21 11:24:48,
713,1068642995,(주)비엠시스솔루션,김시천,분석,53061780,88.478,88.205,0.52481 (100.52481),4 2,2021/07/22 08:34:31,
714,1188113673,동해정보통신 주식회사,이창원,분석,53062198,88.479,88.206,0.52560 (100.5256),7 5,2021/07/20 17:28:41,
715,3188601020,주식회사 프레이,조성준,분석,53062725,88.479,88.207,0.52660 (100.5266),14 4,2021/07/20 10:47:47,
716,1068178635,(주)지아이테크놀러지,홍영우,분석,53062900,88.48,88.207,0.52693 (100.52693),5 2,2021/07/21 10:00:01,
717,1208780916,주식회사 대경미디어텍,박제헌,분석,53066550,88.486,88.213,0.53384 (100.53384),1 4,2021/07/21 17:20:52,
718,2208197511,(주)다산지앤지,유철종,분석,53067475,88.487,88.214,0.53560 (100.5356),1 4,2021/07/21 10:04:46,
719,1068133832,(주)동양이엔씨,최두현,분석,53068000,88.488,88.215,0.53659 (100.53659),3 8,2021/07/21 09:32:21,
720,1188109975,(주)부광네트워크,박경진,분석,53068630,88.489,88.216,0.53778 (100.53778),13 5,2021/07/21 11:06:35,
721,1138184945,에스엠티정보기술(주),이묵희,분석,53068663,88.489,88.216,0.53785 (100.53785),8 12,2021/07/20 10:12:48,
722,1188117437,탑인더스트리(주),이정임,분석,53072014,88.495,88.222,0.54419 (100.54419),15 2,2021/07/21 09:22:15,
723,2208110305,주식회사 일신이앤드씨,홍영남,분석,53073810,88.498,88.225,0.54760 (100.5476),8 12,2021/07/21 18:00:27,
724,3168123644,주식회사 지엔씨원,이미자,분석,53074549,88.499,88.226,0.54900 (100.549),5 7,2021/07/21 07:57:01,
725,2208709343,유텔레콤주식회사,이종일,분석,53074760,88.499,88.227,0.54940 (100.5494),10 15,2021/07/20 10:15:59,
726,1138665128,블루넷테크놀러지 주식회사,백홍배,분석,53075974,88.501,88.229,0.55170 (100.5517),11 10,2021/07/20 10:33:23,
727,4568800195,주식회사 동부코리아통신,윤미옥,분석,53076184,88.502,88.229,0.55209 (100.55209),8 13,2021/07/22 08:02:18,
728,1078724454,정일씨엔아이(주),유지봉,분석,53077580,88.504,88.231,0.55474 (100.55474),14 2,2021/07/22 09:28:32,
729,1068147942,태양이엠씨(주),선오규,분석,53081092,88.51,88.237,0.56139 (100.56139),4 14,2021/07/21 16:37:26,
730,6818700095,주식회사 진영이엔씨,조근호,분석,53081463,88.511,88.238,0.56210 (100.5621),15 4,2021/07/21 14:19:31,
731,8758100854,주식회사피앤에스네트웍솔루션,정용선,분석,53081767,88.511,88.238,0.56267 (100.56267),5 1,2021/07/20 10:12:18,
732,2028158261,주식회사 남두,김승균,분석,53082000,88.512,88.239,0.56311 (100.56311),11 10,2021/07/22 09:20:25,
733,4028141375,주식회사 이레유비크,박임철,분석,53082309,88.512,88.239,0.56370 (100.5637),4 5,2021/07/21 10:43:49,
734,1088189685,주식회사 태산정보기술,채연옥,분석,53083152,88.513,88.241,0.56530 (100.5653),3 9,2021/07/21 11:29:01,
735,1138185890,(주)두손씨에스티,최수경,분석,53084100,88.515,88.242,0.56709 (100.56709),9 11,2021/07/22 09:00:30,
736,2148669602,(주)우호텔레콤,이강록,분석,53084450,88.516,88.243,0.56775 (100.56775),15 12,2021/07/21 13:26:53,
737,1198181214,엔텍월드주식회사,안병립,분석,53085545,88.517,88.245,0.56983 (100.56983),15 2,2021/07/22 08:54:01,
738,1138139080,(주)성강통신기술사사무소,안치영,분석,53085620,88.518,88.245,0.56997 (100.56997),12 4,2021/07/22 09:08:16,
739,1098644842,주식회사 스마트넷,한동오,분석,53086741,88.519,88.246,0.57209 (100.57209),3 15,2021/07/21 09:16:20,
740,2118145912,영남전기통신 주식회사,장한목,분석,53089240,88.524,88.251,0.57683 (100.57683),5 3,2021/07/21 13:19:42,
741,2048188475,주식회사 오파스넷,장수현,분석,53089998,88.525,88.252,0.57826 (100.57826),12 10,2021/07/20 10:11:15,
742,1138132447,태진정보통신(주),정태수,분석,53090543,88.526,88.253,0.57930 (100.5793),8 2,2021/07/20 17:34:43,
743,2048105154,우일정보기술 주식회사,이오,분석,53090912,88.526,88.253,0.58000 (100.58),9 5,2021/07/20 16:17:48,
744,2148143121,주식회사 엠알바스,윤창로,분석,53093300,88.53,88.257,0.58452 (100.58452),4 9,2021/07/20 11:22:40,
745,1138189770,인콤아이에스(주),강점식,분석,53094290,88.532,88.259,0.58640 (100.5864),2 6,2021/07/21 10:18:07,
746,2088100603,(주)전우사,김한재,분석,53095380,88.534,88.261,0.58846 (100.58846),1 13,2021/07/20 15:03:52,
747,7598100611,에스트랜스포트 주식회사,조광진,분석,53096770,88.536,88.263,0.59109 (100.59109),1 4,2021/07/20 10:50:55,
748,1078677070,씨지에스아이티(주),최규식,분석,53099710,88.541,88.268,0.59666 (100.59666),7 1,2021/07/21 20:39:14,
749,2128107793,호곡종합건설(주),박성환,분석,53100890,88.543,88.27,0.59890 (100.5989),9 12,2021/07/22 09:16:58,
750,1058605740,국제텔레시스(주),박병헌,분석,53101100,88.543,88.27,0.59930 (100.5993),11 1,2021/07/20 17:01:33,
751,1018172790,(주)공신데이타,서만식,분석,53106536,88.552,88.279,0.60960 (100.6096),8 4,2021/07/20 20:17:17,
752,1198655462,지티에스솔루션즈 주식회사,김민수,분석,53107110,88.553,88.28,0.61068 (100.61068),10 6,2021/07/20 13:10:15,
753,1098197140,(주)코맥스시큐리티,김종정,분석,53107697,88.554,88.281,0.61180 (100.6118),6 14,2021/07/22 09:31:07,
754,5878600398,주식회사 엑사엔시스,김준용,분석,53108172,88.555,88.282,0.61270 (100.6127),9 10,2021/07/21 07:31:27,
755,1058694239,(주)진성전력,김용일,분석,53109760,88.558,88.285,0.61570 (100.6157),1 3,2021/07/20 12:40:46,
756,1208691565,주식회사 바다에이앤티,이서하,분석,53110678,88.559,88.286,0.61744 (100.61744),4 11,2021/07/20 14:06:11,
757,2158148186,시스텍전기통신(주),전진우,분석,53114507,88.566,88.293,0.62470 (100.6247),10 14,2021/07/21 15:52:49,
758,2158676426,주식회사 건영이앤씨,박지명,분석,53118600,88.573,88.299,0.63245 (100.63245),2 7,2021/07/21 13:50:51,
759,1208711248,(주)리얼아이씨티,변성암,분석,53122100,88.578,88.305,0.63908 (100.63908),12 14,2021/07/21 22:55:14,
760,3628700817,씨큐리티 주식회사,공승길,분석,53123849,88.581,88.308,0.64240 (100.6424),14 1,2021/07/22 09:11:27,
761,1058714080,(주) 한일이앤에스,박완교,분석,53124430,88.582,88.309,0.64350 (100.6435),10 4,2021/07/21 12:03:48,
762,1068648591,주식회사 투지시스템,김승택,분석,53124660,88.583,88.31,0.64393 (100.64393),9 4,2021/07/21 16:44:15,
763,2158689085,(주)에스지테크놀러지,손병학,분석,53125100,88.583,88.31,0.64477 (100.64477),7 6,2021/07/21 12:25:26,
764,2048614338,(주)오성에이브이시스템,심병섭,분석,53125460,88.584,88.311,0.64545 (100.64545),15 9,2021/07/22 09:13:22,
765,2198128106,우선이엔씨(주),김광수,분석,53126000,88.585,88.312,0.64647 (100.64647),9 8,2021/07/20 16:25:11,
766,2168100638,원흥전설(주),이제호,분석,53126600,88.586,88.313,0.64761 (100.64761),2 10,2021/07/21 11:16:23,
767,1128139637,(주)씨엘에이에스,윤호중,분석,53129127,88.59,88.317,0.65239 (100.65239),6 10,2021/07/21 08:48:33,
768,2158691790,에이브이에스텍(주),박주영,분석,53129860,88.591,88.318,0.65378 (100.65378),7 1,2021/07/20 13:28:08,
769,2068124123,(주)세양텔레콤,김한섭,분석,53132454,88.596,88.322,0.65870 (100.6587),4 6,2021/07/21 08:47:29,
770,1078675432,(주)비젼엔텍,김종윤,분석,53134406,88.599,88.326,0.66240 (100.6624),14 3,2021/07/22 09:25:43,
771,2108160017,(주)누리온정보통신,박종수,분석,53135680,88.601,88.328,0.66481 (100.66481),8 13,2021/07/21 12:27:17,
772,1078651497,모바일파킹 유한회사,김중근,분석,53137732,88.604,88.331,0.66870 (100.6687),3 12,2021/07/20 10:03:08,
773,2148188924,우민전기(주),이학표,분석,53139527,88.607,88.334,0.67210 (100.6721),8 14,2021/07/21 14:45:18,
774,2178125840,(주)에이디엠,정채옥,분석,53139580,88.608,88.334,0.67220 (100.6722),15 9,2021/07/21 11:02:24,
775,1078163703,아이티에스엔지니어링 주식회사,김정구,분석,53139684,88.608,88.334,0.67239 (100.67239),10 12,2021/07/22 09:23:15,
776,2148107988,(주)서울정보시스템,이문현,분석,53140820,88.61,88.336,0.67455 (100.67455),1 11,2021/07/21 08:37:12,
777,1328127945,부민통신 주식회사,박창욱,분석,53144278,88.615,88.342,0.68110 (100.6811),12 3,2021/07/21 08:36:51,
778,3188600619,주식회사 태정이앤아이,정태용,분석,53150999,88.627,88.353,0.69383 (100.69383),10 12,2021/07/21 18:55:33,
779,2018603701,소성정보기술 (주),김금남,분석,53152920,88.63,88.356,0.69747 (100.69747),13 12,2021/07/22 09:02:22,
780,2042772836,정한상사,김유성,분석,53162541,88.646,88.372,0.71570 (100.7157),9 7,2021/07/22 09:58:09,
781,2148770450,주식회사 아리시스,이대섭,분석,53165602,88.651,88.378,0.72150 (100.7215),8 10,2021/07/20 19:03:14,
782,2108145170,주식회사 시울에너지,민애숙,분석,53165770,88.651,88.378,0.72181 (100.72181),13 6,2021/07/21 13:52:15,
783,1108130339,(주)기양상사,조효진,분석,53167424,88.654,88.381,0.72495 (100.72495),8 3,2021/07/21 10:24:43,
784,2118612681,(주)해우정보시스템,김병헌,분석,53168610,88.656,88.383,0.72719 (100.72719),15 2,2021/07/21 10:20:39,
785,1178124861,케이이피엔지니어링(주),박성진,분석,53172040,88.662,88.388,0.73369 (100.73369),10 7,2021/07/21 23:30:18,
786,4088168391,금상디엔씨주식회사,장용수,분석,53172569,88.663,88.389,0.73469 (100.73469),4 3,2021/07/21 08:00:35,
787,1148611926,(주)동진이앤티,심철희,분석,53174681,88.666,88.393,0.73870 (100.7387),15 3,2021/07/21 11:00:50,
788,1128107625,(주)삼정전기통신,김상민,분석,53177084,88.67,88.397,0.74325 (100.74325),6 12,2021/07/22 08:14:08,
789,2150786744,영진전기통신공사,정재인,분석,53178788,88.673,88.4,0.74648 (100.74648),10 12,2021/07/21 15:14:32,
790,2021680862,삼기정보통신,김수봉,분석,53179430,88.674,88.401,0.74769 (100.74769),13 10,2021/07/21 07:30:01,
791,2208657396,(주)가온네트,오장환,분석,53179960,88.675,88.401,0.74870 (100.7487),11 6,2021/07/20 11:57:41,
792,2088115241,한애전자(주),최용경,분석,53182100,88.678,88.405,0.75275 (100.75275),1 9,2021/07/21 09:13:13,
793,1068683638,주식회사 엔씨씨디지탈,이상호,분석,53183700,88.681,88.408,0.75578 (100.75578),15 2,2021/07/21 08:33:57,
794,1358145603,한라인포넷(주),장경민,분석,53184658,88.683,88.409,0.75760 (100.7576),3 4,2021/07/21 23:59:59,
795,2488101162,주식회사 코업컴퍼니,이철재,분석,53188686,88.689,88.416,0.76523 (100.76523),6 8,2021/07/21 12:43:03,
796,2048197877,(주)그린주의,김현미,분석,53188721,88.689,88.416,0.76529 (100.76529),8 11,2021/07/21 18:22:04,
797,2068601047,왕건전기 주식회사,한미라,분석,53191217,88.694,88.42,0.77002 (100.77002),5 2,2021/07/22 08:29:41,
798,1088124659,(주)비젼텔레콤,김진수,분석,53192312,88.695,88.422,0.77210 (100.7721),9 3,2021/07/20 17:42:38,
799,1198632979,성민전기 주식회사,김미영,분석,53193520,88.697,88.424,0.77439 (100.77439),7 12,2021/07/22 01:19:45,
800,1058179892,(주)지에스컴,김형호,분석,53193683,88.698,88.424,0.77469 (100.77469),5 6,2021/07/21 13:08:04,
801,1188117816,(주)영원정보통신,전춘식,분석,53196610,88.703,88.429,0.78024 (100.78024),3 12,2021/07/20 16:08:10,
802,1108155460,주식회사 자유전설,김상중,분석,53205090,88.717,88.443,0.79631 (100.79631),2 11,2021/07/21 20:52:40,
803,2148805112,주식회사 지큐시스템즈,구자옥,분석,53209519,88.724,88.451,0.80470 (100.8047),4 7,2021/07/22 07:38:41,
804,2118771649,주식회사 월드멀티넷,박영희,분석,53213454,88.731,88.457,0.81215 (100.81215),14 9,2021/07/20 18:38:31,
805,2118845639,(주)사운드코리아이엔지,김지형,분석,53213700,88.731,88.458,0.81262 (100.81262),6 7,2021/07/21 17:28:46,
806,1018154598,씨엔에스코리아(주),유호태,분석,53214640,88.733,88.459,0.81440 (100.8144),15 1,2021/07/22 07:49:45,
807,1318174028,"주식회사 에이치케이 (HK Co., Ltd.)",장해각,분석,53218585,88.739,88.466,0.82187 (100.82187),6 4,2021/07/21 08:54:33,
808,1018663767,비케이전기통신 주식회사,유봉근,분석,53220190,88.742,88.468,0.82491 (100.82491),15 4,2021/07/22 09:17:17,
809,2158615337,(주)아이링크시스템,오치성,분석,53221184,88.744,88.47,0.82679 (100.82679),8 5,2021/07/20 13:36:15,
810,1108140593,(주)대건이엔씨,이황희,분석,53222850,88.746,88.473,0.82995 (100.82995),15 12,2021/07/21 20:56:06,
811,1098610416,(주)네시비스,이은섭,분석,53226463,88.752,88.479,0.83680 (100.8368),10 14,2021/07/20 14:37:19,
812,1098185343,주식회사 오티에스씨,이승환,분석,53235805,88.768,88.494,0.85449 (100.85449),13 6,2021/07/22 09:40:54,
813,2208882337,태암네트워크 주식회사,김만기,분석,53237019,88.77,88.496,0.85679 (100.85679),5 3,2021/07/21 13:56:21,
814,2208895263,주식회사 필립이엔씨,임혜란,분석,53239902,88.775,88.501,0.86226 (100.86226),14 1,2021/07/21 17:24:16,
815,2208718861,(주)예스피치,김재중,분석,53240720,88.776,88.502,0.86381 (100.86381),9 1,2021/07/20 13:14:11,
816,2118794604,(주)유니아이비,이희강,분석,53244411,88.782,88.509,0.87080 (100.8708),6 15,2021/07/20 15:03:52,
817,2118108009,주식회사 도화엔지니어링,김덕구,분석,53246830,88.786,88.513,0.87538 (100.87538),15 9,2021/07/22 08:23:24,
818,1138137229,두복산전(주),이영두,분석,53247800,88.788,88.514,0.87722 (100.87722),1 10,2021/07/21 13:25:36,
819,1178128886,(주)미라클산업,김영철,분석,53252010,88.795,88.521,0.88519 (100.88519),7 2,2021/07/21 10:12:50,
820,6508100027,다온정보시스템 주식회사,김연정,분석,53252855,88.796,88.523,0.88680 (100.8868),4 12,2021/07/20 20:28:37,
821,2158690656,금성통신건설(주),윤영신,분석,53259210,88.807,88.533,0.89883 (100.89883),8 12,2021/07/20 17:36:13,
822,1088195004,(주)한양케이앤이,김홍인,분석,53259770,88.808,88.534,0.89990 (100.8999),14 15,2021/07/21 09:08:42,
823,4188155516,아이피119정보통신 주식회사,김영수,분석,53271805,88.828,88.554,0.92270 (100.9227),9 6,2021/07/21 09:57:24,
824,1108175433,승림이앤씨(주),서영식,분석,53272160,88.829,88.555,0.92337 (100.92337),15 4,2021/07/20 10:43:03,
825,1078128574,(주)대진정보텔레콤,경완수,분석,53272750,88.83,88.556,0.92449 (100.92449),13 1,2021/07/21 10:25:05,
826,2011497895,정우이앤씨,유동환,분석,53277114,88.837,88.563,0.93275 (100.93275),10 6,2021/07/21 11:22:12,
827,1148676763,유토피아정보기술(주),안종섭,분석,53292782,88.863,88.589,0.96244 (100.96244),10 4,2021/07/22 07:16:42,
828,2068172829,한사랑엔지니어링 주식회사,권갑순,분석,53294200,88.865,88.591,0.96512 (100.96512),11 4,2021/07/21 11:21:50,
829,1088182120,(주) 포스콤 에스아이,양병기,분석,53299539,88.874,88.6,0.97524 (100.97524),2 14,2021/07/22 09:35:07,
830,1058777047,(주)텔레큐브,정영신,분석,53309176,88.89,88.616,0.99349 (100.99349),3 4,2021/07/21 09:55:51,
831,2068629138,(주)하나윈정보기술,도수현,분석,53310353,88.892,88.618,0.99572 (100.99572),8 9,2021/07/22 06:07:39,
832,1081154276,영우정보통신,이영우,분석,53312600,88.896,88.622,0.99998 (100.99998),6 11,2021/07/21 18:07:16,
833,8268102035,주식회사 더블유엔에스,박현준,분석,53323100,88.914,88.639,1.01987 (101.01987),7 1,2021/07/20 10:23:59,
834,1068143494,합자회사 화인에스앤컴퍼니,장주용,분석,53329600,88.924,88.65,1.03219 (101.03219),9 4,2021/07/21 11:56:03,
835,2218120693,주식회사 일동에너텍,김종삼,분석,53330333,88.926,88.651,1.03358 (101.03358),8 15,2021/07/21 17:41:39,
836,2178145434,주식회사 한양전자피에이,여동도,분석,53349360,88.957,88.683,1.06962 (101.06962),8 6,2021/07/22 09:12:52,
837,1058608183,코위버(주),황인환,분석,53369087,88.99,88.716,1.10700 (101.107),9 10,2021/07/20 13:00:23,
838,3058138619,(주)사이버텔브릿지,남백산,분석,53373166,88.997,88.723,1.11472 (101.11472),15 3,2021/07/20 10:06:57,
839,8348600218,주식회사 코리아통신,강우용,분석,53386329,89.019,88.744,1.13966 (101.13966),13 4,2021/07/21 14:44:42,
840,1048800071,주식회사 대광사업단,박선희,분석,53418125,89.072,88.797,1.19990 (101.1999),3 13,2021/07/21 21:53:28,
841,2178121937,부광이앤씨 주식회사,정동국,분석,53451960,89.128,88.854,1.26400 (101.264),11 9,2021/07/20 10:29:57,
842,2038143228,백영전자 주식회사(白榮電子 株式會社),임대순,분석,53464110,89.149,88.874,1.28701 (101.28701),9 3,2021/07/21 10:34:59,
843,6188134896,주식회사 동신정보통신,임춘섭,분석,53478560,89.173,88.898,1.31439 (101.31439),9 11,2021/07/22 09:33:15,
844,6048111797,주식회사글로벌엔씨,임채익,분석,53493560,89.198,88.923,1.34281 (101.34281),7 11,2021/07/22 08:40:21,
845,7098602638,주식회사 시그널아이씨티,강민희,분석,53498093,89.205,88.93,1.35140 (101.3514),14 7,2021/07/21 23:14:29,
846,1078211162,사회복지법인한국노인생활지원재단,이주희,분석,53534462,89.266,88.991,1.42030 (101.4203),15 13,2021/07/22 09:03:40,
847,2158133077,오티씨테크놀로지 주식회사,김희언,분석,53827200,89.754,89.477,1.97488 (101.97488),11 5,2021/07/20 12:29:56,
848,2128608050,(주)엔큐컨설팅,유관우,분석,55932450,93.265,92.977,5.96325 (105.96325),11 10,2021/07/22 06:38:10,
849,1068615668,(주)솔로몬기술단기술사사무소,한선미,분석,20210717150,33700.5363,33596.617,38188.92522 (38288.92522),15 1,2021/07/21 09:16:29,예가초과
-1,1098160416,(주)용진정보통신,도용석,분석,52621127,87.743,87.472,-0.31000 (99.69),3 8,2021/07/20 10:12:44,낙찰하한선 미달
-2,2128140491,(주)벧엘정보통신,채수진,분석,52620984,87.743,87.472,-0.31028 (99.68972),4 6,2021/07/22 07:16:00,낙찰하한선 미달
-3,1198601520,주식회사 에스에이치아이앤씨,장덕진,분석,52619800,87.741,87.47,-0.31252 (99.68748),14 8,2021/07/22 08:19:33,낙찰하한선 미달
-4,2198125754,알티엘산업 주식회사,이근태,분석,52619780,87.741,87.47,-0.31256 (99.68744),6 3,2021/07/21 01:51:41,낙찰하한선 미달
-5,1198191309,용진하이테크에너지 주식회사,김진석,분석,52619360,87.74,87.47,-0.31335 (99.68665),13 8,2021/07/21 14:58:35,낙찰하한선 미달
-6,1068627183,한국씨텍(주),박재규,분석,52619280,87.74,87.469,-0.31350 (99.6865),4 6,2021/07/22 08:33:39,낙찰하한선 미달
-7,1108190808,노드정보기술(주),정상권,분석,52617696,87.737,87.467,-0.31650 (99.6835),4 15,2021/07/22 09:38:32,낙찰하한선 미달
-8,1098155422,창공정보통신 주식회사,김배명,분석,52617530,87.737,87.467,-0.31682 (99.68318),8 4,2021/07/21 09:29:57,낙찰하한선 미달
-9,2140562973,대산정보통신공사,오도균,분석,52616800,87.736,87.465,-0.31820 (99.6818),6 14,2021/07/21 14:53:30,낙찰하한선 미달
-10,1078197386,(주)아리네트웍스,성동식,분석,52616799,87.736,87.465,-0.31820 (99.6818),14 5,2021/07/21 09:45:29,낙찰하한선 미달
-11,1288196628,코마정보통신(주),이경수,분석,52616535,87.735,87.465,-0.31870 (99.6813),2 3,2021/07/21 04:50:38,낙찰하한선 미달
-12,2158192566,(주)열림정보기술,고동민,분석,52615599,87.734,87.463,-0.32048 (99.67952),5 4,2021/07/20 17:40:40,낙찰하한선 미달
-13,2048140753,(주)청효이씨이,이범석,분석,52614260,87.732,87.461,-0.32301 (99.67699),7 8,2021/07/20 15:47:51,낙찰하한선 미달
-14,2040371641,한서전자,김영옥,분석,52614000,87.731,87.461,-0.32351 (99.67649),6 15,2021/07/20 10:03:37,낙찰하한선 미달
-15,4178600013,블랙썬 주식회사,이희부,분석,52613950,87.731,87.461,-0.32360 (99.6764),6 7,2021/07/21 23:27:35,낙찰하한선 미달
-16,1078167709,온세텔레콤(주),박준학,분석,52612780,87.729,87.459,-0.32582 (99.67418),15 2,2021/07/21 09:14:39,낙찰하한선 미달
-17,2158168163,블루엔이(주),정홍채,분석,52612260,87.728,87.458,-0.32680 (99.6732),6 2,2021/07/21 09:06:18,낙찰하한선 미달
-18,8958700597,주식회사 아이티앤에스,김세영,분석,52611362,87.727,87.456,-0.32850 (99.6715),6 14,2021/07/21 06:30:20,낙찰하한선 미달
-19,1058660665,(주)일신전업,김한경,분석,52610876,87.726,87.455,-0.32943 (99.67057),14 8,2021/07/22 05:46:09,낙찰하한선 미달
-20,1108176581,주식회사 비에스텍,윤희주,분석,52610243,87.725,87.454,-0.33062 (99.66938),8 2,2021/07/22 09:07:03,낙찰하한선 미달
-21,2066762193,보성통신,문용권,분석,52609140,87.723,87.453,-0.33271 (99.66729),5 3,2021/07/21 12:19:53,낙찰하한선 미달
-22,1068615367,대성아이넷(주),이충은,분석,52608950,87.723,87.452,-0.33307 (99.66693),7 1,2021/07/20 15:28:26,낙찰하한선 미달
-23,7858601711,주식회사 더씨테크,윤다정,분석,52608850,87.723,87.452,-0.33326 (99.66674),6 11,2021/07/21 06:57:23,낙찰하한선 미달
-24,1048198009,대신네트웍스주식회사,김태응,분석,52608720,87.722,87.452,-0.33351 (99.66649),8 9,2021/07/22 09:58:51,낙찰하한선 미달
-25,2158119769,주식회사 남일기업,이범석,분석,52607048,87.72,87.449,-0.33668 (99.66332),1 6,2021/07/22 08:13:39,낙찰하한선 미달
-26,1168169996,세리정보기술 주식회사,이금모,분석,52606981,87.719,87.449,-0.33680 (99.6632),11 3,2021/07/20 10:43:48,낙찰하한선 미달
-27,2158607273,(주)미주전통,장원식,분석,52606980,87.719,87.449,-0.33681 (99.66319),7 14,2021/07/21 15:23:12,낙찰하한선 미달
-28,1058716036,주식회사 피닉스엔지니어링,김현봉,분석,52605503,87.717,87.447,-0.33960 (99.6604),3 13,2021/07/21 09:04:39,낙찰하한선 미달
-29,2108165652,키코아이비에스주식회사,공재근,분석,52605427,87.717,87.446,-0.33975 (99.66025),13 5,2021/07/21 10:59:43,낙찰하한선 미달
-30,1058814068,주식회사 한강통신건설,최문봉,분석,52603440,87.714,87.443,-0.34351 (99.65649),2 8,2021/07/21 14:14:21,낙찰하한선 미달
-31,5258801466,주식회사 이투비비,이정호,분석,52602280,87.712,87.441,-0.34571 (99.65429),3 5,2021/07/21 14:14:24,낙찰하한선 미달
-32,2338109798,구스텍 주식회사,고중구,분석,52601700,87.711,87.44,-0.34681 (99.65319),9 8,2021/07/20 15:03:32,낙찰하한선 미달
-33,1068616518,(주)애니씨앤에스,이일규,분석,52601450,87.71,87.44,-0.34728 (99.65272),5 9,2021/07/21 09:25:37,낙찰하한선 미달
-34,1108175622,동해아이앤티(주),이기봉,분석,52600753,87.709,87.439,-0.34860 (99.6514),10 13,2021/07/21 09:38:31,낙찰하한선 미달
-35,2148661411,(주)엘리시스,이시정,분석,52598590,87.705,87.435,-0.35270 (99.6473),6 9,2021/07/22 09:04:01,낙찰하한선 미달
-36,7128701175,주식회사 미미엔지니어링,김진희,분석,52598160,87.705,87.434,-0.35352 (99.64648),10 8,2021/07/20 10:03:53,낙찰하한선 미달
-37,1138163917,백두전기통신(주),장철,분석,52597850,87.704,87.434,-0.35410 (99.6459),15 4,2021/07/20 17:35:49,낙찰하한선 미달
-38,1198151253,경인계측시스템(주),전무송,분석,52597743,87.704,87.434,-0.35431 (99.64569),2 6,2021/07/21 10:35:26,낙찰하한선 미달
-39,2078155629,씨티아이앤아이(주),김덕제,분석,52597300,87.703,87.433,-0.35514 (99.64486),8 13,2021/07/21 08:14:24,낙찰하한선 미달
-40,1138629821,동문이엔티 주식회사,송요일,분석,52596420,87.702,87.431,-0.35681 (99.64319),9 2,2021/07/20 17:10:28,낙찰하한선 미달
-41,2148132740,(주)융시스템,박진기,분석,52596270,87.702,87.431,-0.35710 (99.6429),13 11,2021/07/21 04:02:21,낙찰하한선 미달
-42,1088179663,주식회사 시큐뱅크,심재춘,분석,52594735,87.699,87.429,-0.36000 (99.64),6 10,2021/07/21 09:56:45,낙찰하한선 미달
-43,1218140540,영현정보통신(주),김두식,분석,52594062,87.698,87.428,-0.36128 (99.63872),8 11,2021/07/21 15:43:13,낙찰하한선 미달
-44,1078738017,(주)애린테크,박을순,분석,52593570,87.697,87.427,-0.36221 (99.63779),10 5,2021/07/22 09:22:36,낙찰하한선 미달
-45,4168128895,(주)비아이씨스템,방인식,분석,52593420,87.697,87.426,-0.36250 (99.6375),11 13,2021/07/20 17:45:06,낙찰하한선 미달
-46,2188114856,서교정보통신(주),김기설,분석,52592880,87.696,87.426,-0.36352 (99.63648),7 1,2021/07/20 18:42:16,낙찰하한선 미달
-47,1068188579,(주)키월드정보통신,김영범,분석,52592500,87.695,87.425,-0.36424 (99.63576),14 3,2021/07/21 16:04:26,낙찰하한선 미달
-48,1198116692,주식회사 서우건설산업,이종근,분석,52592000,87.694,87.424,-0.36519 (99.63481),3 14,2021/07/22 09:16:23,낙찰하한선 미달
-49,2168701696,주식회사 투비콤,유수정,분석,52591730,87.694,87.424,-0.36570 (99.6343),6 12,2021/07/20 10:02:47,낙찰하한선 미달
-50,2948601665,누리종합전기 주식회사,천금진,분석,52591140,87.693,87.423,-0.36681 (99.63319),4 10,2021/07/22 03:19:06,낙찰하한선 미달
-51,1058628520,주식회사 파크로,최윤영,분석,52589088,87.69,87.419,-0.37070 (99.6293),8 15,2021/07/21 11:03:15,낙찰하한선 미달
-52,2068120414,(주)일광기업,오도진,분석,52588148,87.688,87.418,-0.37248 (99.62752),3 7,2021/07/21 10:03:15,낙찰하한선 미달
-53,3578800544,디와이아이앤씨주식회사,주인웅,분석,52587600,87.687,87.417,-0.37352 (99.62648),6 1,2021/07/20 10:04:19,낙찰하한선 미달
-54,1208178820,주식회사 아이티엑스에이아이,박상열,분석,52585860,87.684,87.414,-0.37682 (99.62318),15 2,2021/07/21 09:12:28,낙찰하한선 미달
-55,1058601287,(주)성산정보시스템,김기주,분석,52585129,87.683,87.413,-0.37820 (99.6218),12 7,2021/07/21 13:59:56,낙찰하한선 미달
-56,2208869047,양지전기 주식회사,박승연,분석,52584810,87.682,87.412,-0.37881 (99.62119),1 11,2021/07/20 10:23:50,낙찰하한선 미달
-57,2198111833,주식회사 대영아이오티,전인구,분석,52584389,87.682,87.411,-0.37960 (99.6204),13 4,2021/07/20 13:52:54,낙찰하한선 미달
-58,2198114499,(주)이레에너지테크,강래원,분석,52583500,87.68,87.41,-0.38129 (99.61871),11 4,2021/07/20 16:49:09,낙찰하한선 미달
-59,2298125412,스크린정보통신(주),조승제,분석,52582330,87.678,87.408,-0.38351 (99.61649),2 4,2021/07/21 09:03:44,낙찰하한선 미달
-60,1138183325,주식회사금강전력,오영선,분석,52581990,87.678,87.407,-0.38415 (99.61585),11 9,2021/07/20 15:21:04,낙찰하한선 미달
-61,1198184278,주식회사엠디네트워크,이재현,분석,52581487,87.677,87.407,-0.38510 (99.6149),3 6,2021/07/21 00:25:22,낙찰하한선 미달
-62,1168111572,남성기전(주),최전남,분석,52580800,87.676,87.405,-0.38640 (99.6136),11 5,2021/07/21 11:41:21,낙찰하한선 미달
-63,1058686587,(주)참슬테크,김금순,분석,52580580,87.675,87.405,-0.38682 (99.61318),7 11,2021/07/20 16:54:10,낙찰하한선 미달
-64,1068674084,주식회사월드아이,신영구,분석,52580380,87.675,87.405,-0.38720 (99.6128),14 1,2021/07/21 09:01:55,낙찰하한선 미달
-65,2068111894,(주)아파트피아,곽복동,분석,52580220,87.675,87.404,-0.38750 (99.6125),4 7,2021/07/21 09:26:21,낙찰하한선 미달
-66,6218602134,(주)플러스전력,이하일,분석,52579019,87.673,87.402,-0.38978 (99.61022),15 11,2021/07/21 22:08:29,낙찰하한선 미달
-67,1328105709,(주)왕선전설,조정현,분석,52578108,87.671,87.401,-0.39150 (99.6085),10 15,2021/07/21 07:00:03,낙찰하한선 미달
-68,1138694415,건웅정보통신 주식회사,김지유,분석,52577680,87.671,87.4,-0.39231 (99.60769),10 9,2021/07/21 09:53:16,낙찰하한선 미달
-69,2068625883,주식회사 누리제어시스템,박상진,분석,52577050,87.67,87.399,-0.39351 (99.60649),1 5,2021/07/22 09:06:54,낙찰하한선 미달
-70,1148608950,(주)알티솔루션,허병회,분석,52575310,87.667,87.396,-0.39680 (99.6032),3 8,2021/07/21 09:12:10,낙찰하한선 미달
-71,1058795818,주식회사 티엠미디어,박용호,분석,52574200,87.665,87.394,-0.39891 (99.60109),10 12,2021/07/22 09:19:42,낙찰하한선 미달
-72,2058139910,우현전기(주),채광식,분석,52573720,87.664,87.394,-0.39982 (99.60018),11 10,2021/07/21 19:10:05,낙찰하한선 미달
-73,1088179135,주왕전기통신(주),권이길,분석,52573630,87.664,87.394,-0.39999 (99.60001),2 13,2021/07/21 09:03:46,낙찰하한선 미달
-74,3388801483,주식회사 에버그린티앤씨,최재완,분석,52570880,87.659,87.389,-0.40520 (99.5948),9 15,2021/07/20 10:45:43,낙찰하한선 미달
-75,2158770996,엠코어넷 주식회사,김명경,분석,52570295,87.658,87.388,-0.40631 (99.59369),4 5,2021/07/21 11:04:21,낙찰하한선 미달
-76,1108175767,(주)에스에이치전기,김성태,분석,52567181,87.653,87.383,-0.41220 (99.5878),4 9,2021/07/21 09:14:14,낙찰하한선 미달
-77,7088800946,주식회사 아이티아이비전,정준호,분석,52567180,87.653,87.383,-0.41221 (99.58779),12 1,2021/07/20 14:55:34,낙찰하한선 미달
-78,6138171784,서경정보통신 주식회사,이석희,분석,52566120,87.651,87.381,-0.41421 (99.58579),6 10,2021/07/21 09:57:35,낙찰하한선 미달
-79,1078704690,(주)투씨에스지,임천수,분석,52566114,87.651,87.381,-0.41423 (99.58577),1 5,2021/07/20 13:41:43,낙찰하한선 미달
-80,1068611721,우리보안 주식회사,이명재,분석,52564912,87.649,87.379,-0.41650 (99.5835),4 9,2021/07/22 08:33:01,낙찰하한선 미달
-81,1058663420,(주)엠비에스엔지니어링,강형주,분석,52564014,87.648,87.378,-0.41820 (99.5818),4 3,2021/07/20 17:18:10,낙찰하한선 미달
-82,1068669669,(주)일광통신,이병일,분석,52563500,87.647,87.377,-0.41918 (99.58082),14 12,2021/07/22 08:08:23,낙찰하한선 미달
-83,2148620797,(주)세인씨앤씨,조정화,분석,52563490,87.647,87.377,-0.41920 (99.5808),13 12,2021/07/21 17:56:35,낙찰하한선 미달
-84,2078136393,삼언전공 주식회사,공석복,분석,52561990,87.644,87.374,-0.42204 (99.57796),10 13,2021/07/22 09:40:11,낙찰하한선 미달
-85,1068603240,태경이엘피 주식회사,김평석,분석,52561971,87.644,87.374,-0.42208 (99.57792),9 14,2021/07/20 16:21:02,낙찰하한선 미달
-86,1068642694,우림정보시스템(주),조원희,분석,52561956,87.644,87.374,-0.42210 (99.5779),12 5,2021/07/22 08:33:26,낙찰하한선 미달
-87,1138663208,주식회사 유영정보통신,박경순,분석,52561170,87.643,87.373,-0.42359 (99.57641),8 14,2021/07/21 07:44:18,낙찰하한선 미달
-88,1208633380,(주)에스에스통신,이종필,분석,52561111,87.643,87.373,-0.42370 (99.5763),8 9,2021/07/20 10:20:48,낙찰하한선 미달
-89,2158601380,세계정보시스템(주),한인창,분석,52560310,87.642,87.371,-0.42522 (99.57478),2 4,2021/07/21 07:49:23,낙찰하한선 미달
-90,1048157783,(주)서울정보컴,고응준,분석,52559790,87.641,87.371,-0.42621 (99.57379),3 10,2021/07/20 13:20:46,낙찰하한선 미달
-91,2078127900,합동전자통신(주),하명용,분석,52558327,87.638,87.368,-0.42898 (99.57102),13 7,2021/07/21 08:40:34,낙찰하한선 미달
-92,2200197668,엘지전기통신,하배용,분석,52558155,87.638,87.368,-0.42930 (99.5707),10 6,2021/07/22 07:24:57,낙찰하한선 미달
-93,1138653369,(주)제이앤비이노베이션,오명숙,분석,52556990,87.636,87.366,-0.43151 (99.56849),2 15,2021/07/22 09:43:57,낙찰하한선 미달
-94,1138640850,주식회사 우솔네트웍스,유상열,분석,52554540,87.632,87.362,-0.43615 (99.56385),11 7,2021/07/21 16:54:49,낙찰하한선 미달
-95,2158673619,오다엔지니어링(주),윤철중,분석,52553990,87.631,87.361,-0.43719 (99.56281),2 4,2021/07/21 13:51:48,낙찰하한선 미달
-96,5508800084,(주)다옴솔루션,윤지경,분석,52553300,87.63,87.36,-0.43850 (99.5615),14 5,2021/07/20 11:02:27,낙찰하한선 미달
-97,1198653921,미래네트웍스 주식회사,천기남,분석,52553259,87.63,87.36,-0.43858 (99.56142),7 11,2021/07/20 21:59:29,낙찰하한선 미달
-98,1298155066,일조텔레콤(주),김문섭,분석,52552400,87.628,87.358,-0.44021 (99.55979),12 7,2021/07/21 17:19:30,낙찰하한선 미달
-99,1018642796,주식회사 나이스포유,조향심,분석,52551510,87.627,87.357,-0.44189 (99.55811),9 15,2021/07/21 09:47:05,낙찰하한선 미달
-100,3208800732,주식회사 그린랩스,안동현,분석,52549230,87.623,87.353,-0.44621 (99.55379),14 4,2021/07/21 09:13:02,낙찰하한선 미달
-101,2141167760,세기정보통신,송재홍,분석,52548710,87.622,87.352,-0.44720 (99.5528),1 14,2021/07/21 14:36:14,낙찰하한선 미달
-102,8028800189,주식회사 아이앤서브,박광열,분석,52547387,87.62,87.35,-0.44970 (99.5503),3 12,2021/07/22 09:58:03,낙찰하한선 미달
-103,1128152663,한국아이디정보(주),송찬호,분석,52545010,87.616,87.346,-0.45421 (99.54579),6 14,2021/07/20 17:03:40,낙찰하한선 미달
-104,2158184144,주영건설 주식회사,서봉원,분석,52542900,87.613,87.342,-0.45820 (99.5418),11 13,2021/07/20 10:04:24,낙찰하한선 미달
-105,1078763383,주식회사 아이티블럭,배경원,분석,52542320,87.612,87.341,-0.45930 (99.5407),5 13,2021/07/20 15:13:46,낙찰하한선 미달
-106,2068706603,주식회사 온품,김유혁,분석,52541590,87.61,87.34,-0.46069 (99.53931),3 1,2021/07/20 16:22:49,낙찰하한선 미달
-107,1918801109,지디엘테크 주식회사,김완중,분석,52541420,87.61,87.34,-0.46101 (99.53899),6 7,2021/07/20 17:47:34,낙찰하한선 미달
-108,8228700717,주식회사 해나정보통신,이창현,분석,52541320,87.61,87.34,-0.46120 (99.5388),14 7,2021/07/20 10:04:55,낙찰하한선 미달
-109,2098121862,거우전설주식회사,김영훈,분석,52540614,87.609,87.339,-0.46254 (99.53746),9 6,2021/07/21 13:13:18,낙찰하한선 미달
-110,2108124739,(주)한성기술개발,서창식,분석,52540588,87.609,87.339,-0.46258 (99.53742),1 13,2021/07/20 18:01:30,낙찰하한선 미달
-111,1288610057,주식회사 청명씨앤아이,문현민,분석,52538677,87.606,87.335,-0.46621 (99.53379),10 4,2021/07/20 11:04:46,낙찰하한선 미달
-112,1048635974,주식회사 성원통신,송준형,분석,52538357,87.605,87.335,-0.46681 (99.53319),2 14,2021/07/22 07:42:10,낙찰하한선 미달
-113,1208802896,주식회사 라임에스엔씨,김종훈,분석,52537940,87.604,87.334,-0.46760 (99.5324),12 5,2021/07/20 10:13:38,낙찰하한선 미달
-114,1078197085,(주)코어넷,소흥섭,분석,52537620,87.604,87.334,-0.46821 (99.53179),6 12,2021/07/20 11:12:26,낙찰하한선 미달
-115,1078606385,대선아이넷(주),신일자,분석,52537600,87.604,87.334,-0.46825 (99.53175),4 15,2021/07/21 13:24:53,낙찰하한선 미달
-116,1048610901,이룸유비쿼터스주식회사,김광수,분석,52534402,87.598,87.328,-0.47430 (99.5257),6 4,2021/07/21 13:11:32,낙찰하한선 미달
-117,5178101428,주식회사 율이앤씨,전형숙,분석,52532410,87.595,87.325,-0.47808 (99.52192),9 7,2021/07/21 15:19:17,낙찰하한선 미달
-118,1098611773,주식회사상현엔지니어링,이재권,분석,52530230,87.591,87.321,-0.48221 (99.51779),5 7,2021/07/20 13:52:32,낙찰하한선 미달
-119,1288154026,(주)니트로시스템,정인교,분석,52528860,87.589,87.319,-0.48480 (99.5152),2 4,2021/07/21 13:42:11,낙찰하한선 미달
-120,1198165586,제이케이앤티텔레콤(주),전찬화,분석,52528450,87.589,87.318,-0.48558 (99.51442),8 5,2021/07/21 08:08:22,낙찰하한선 미달
-121,1098626994,주식회사 에이치엔엠,성기용,분석,52526916,87.586,87.316,-0.48849 (99.51151),5 15,2021/07/22 09:56:08,낙찰하한선 미달
-122,5498100727,주식회사 뉴엣지,이현아,분석,52526540,87.585,87.315,-0.48920 (99.5108),8 13,2021/07/20 16:01:06,낙찰하한선 미달
-123,2188101953,주식회사 비츠로시스,이기재,분석,52526325,87.585,87.315,-0.48961 (99.51039),4 11,2021/07/21 09:26:32,낙찰하한선 미달
-124,1058748784,(주)에스알시스템,김수정,분석,52526273,87.585,87.315,-0.48970 (99.5103),3 4,2021/07/22 07:48:34,낙찰하한선 미달
-125,1058167417,(주)금정엔지니어링,구본신,분석,52524426,87.582,87.312,-0.49320 (99.5068),11 6,2021/07/21 09:55:37,낙찰하한선 미달
-126,1054180243,태우산전,강정자,분석,52521945,87.578,87.308,-0.49790 (99.5021),9 2,2021/07/20 11:51:11,낙찰하한선 미달
-127,2158674452,(주)새별네트웍스,현경순,분석,52521700,87.577,87.307,-0.49837 (99.50163),8 5,2021/07/20 15:16:20,낙찰하한선 미달
-128,1148714240,주식회사 유진21,박영숙,분석,52520260,87.575,87.305,-0.50110 (99.4989),6 12,2021/07/22 09:21:18,낙찰하한선 미달
-129,6628701657,주식회사 파인드텍,서구성,분석,52517390,87.57,87.3,-0.50653 (99.49347),11 1,2021/07/20 10:13:46,낙찰하한선 미달
-130,1098153822,서울텔엔지니어링(주),정영철,분석,52517300,87.57,87.3,-0.50670 (99.4933),11 10,2021/07/21 17:00:36,낙찰하한선 미달
-131,1208163439,(주)아이엘에스씨,이병준,분석,52515769,87.567,87.297,-0.50960 (99.4904),10 2,2021/07/21 16:28:31,낙찰하한선 미달
-132,2148632162,신영전자통신(주),김성식,분석,52515300,87.567,87.297,-0.51049 (99.48951),2 8,2021/07/20 11:13:11,낙찰하한선 미달
-133,2148829787,주식회사 노바에스앤씨,최성운,분석,52510490,87.559,87.289,-0.51961 (99.48039),1 3,2021/07/20 12:23:10,낙찰하한선 미달
-134,1058645500,태지종합건설(주),박명호,분석,52508810,87.556,87.286,-0.52279 (99.47721),15 8,2021/07/22 08:46:57,낙찰하한선 미달
-135,1078713433,(주)스마트게이트,김민우,분석,52507534,87.554,87.284,-0.52521 (99.47479),2 13,2021/07/21 16:38:35,낙찰하한선 미달
-136,1298163829,(주)시원코리아,임희득,분석,52506690,87.552,87.282,-0.52680 (99.4732),5 10,2021/07/21 10:21:16,낙찰하한선 미달
-137,1078619629,염광전기통신(주),최인재,분석,52505530,87.55,87.28,-0.52900 (99.471),9 7,2021/07/20 12:18:51,낙찰하한선 미달
-138,3798700760,로안테크(주),장승현,분석,52505212,87.55,87.28,-0.52960 (99.4704),4 2,2021/07/21 11:01:12,낙찰하한선 미달
-139,1068672072,(주)브이아이티정보통신,강상욱,분석,52505159,87.55,87.28,-0.52970 (99.4703),2 1,2021/07/22 08:55:55,낙찰하한선 미달
-140,2130249995,에스에스브이,박정선,분석,52504209,87.548,87.278,-0.53150 (99.4685),12 4,2021/07/22 09:11:11,낙찰하한선 미달
-141,1068651233,(주)나사씨엔에스,신희태,분석,52501327,87.543,87.273,-0.53696 (99.46304),9 1,2021/07/22 05:44:52,낙찰하한선 미달
-142,2158189983,주식회사아이티벨리,김기운,분석,52499880,87.541,87.271,-0.53971 (99.46029),10 14,2021/07/22 09:23:10,낙찰하한선 미달
-143,1098603050,(주)이루기술,박지현,분석,52499200,87.54,87.27,-0.54099 (99.45901),3 1,2021/07/21 10:55:06,낙찰하한선 미달
-144,1868701018,주식회사 소담정보통신,주옥,분석,52497136,87.536,87.266,-0.54490 (99.4551),15 8,2021/07/20 10:38:58,낙찰하한선 미달
-145,1078191887,(주)삼일아엔씨,채수걸,분석,52496635,87.535,87.266,-0.54585 (99.45415),12 11,2021/07/21 08:39:45,낙찰하한선 미달
-146,2148886584,주식회사 수민텔레콤,이상민,분석,52494655,87.532,87.262,-0.54960 (99.4504),12 9,2021/07/21 16:38:05,낙찰하한선 미달
-147,1818802135,주식회사 코메,김경진,분석,52493546,87.53,87.26,-0.55171 (99.44829),12 5,2021/07/21 14:23:28,낙찰하한선 미달
-148,8118800465,주식회사 티에스컴넷,김종술,분석,52492795,87.529,87.259,-0.55313 (99.44687),14 1,2021/07/21 09:37:25,낙찰하한선 미달
-149,1198623733,주식회사 케이비티정보통신,YUXIAOLU,분석,52491329,87.527,87.257,-0.55591 (99.44409),14 9,2021/07/20 12:31:27,낙찰하한선 미달
-150,1168144224,제일정보건설 주식회사,김진철,분석,52487952,87.521,87.251,-0.56230 (99.4377),8 15,2021/07/21 14:16:36,낙찰하한선 미달
-151,1428136631,주식회사 만사시스템,조호진,분석,52487840,87.521,87.251,-0.56252 (99.43748),4 11,2021/07/20 11:54:31,낙찰하한선 미달
-152,1108131570,(주)조은시스템,김창윤,분석,52487480,87.52,87.25,-0.56320 (99.4368),10 8,2021/07/21 08:15:34,낙찰하한선 미달
-153,1138111990,한경기전(주),박태용,분석,52484740,87.516,87.246,-0.56839 (99.43161),10 6,2021/07/20 10:10:06,낙찰하한선 미달
-154,1198649126,태광에스엠주식회사,전현용,분석,52484098,87.515,87.245,-0.56960 (99.4304),1 7,2021/07/21 08:06:06,낙찰하한선 미달
-155,2088115955,대건통신건설(주),양승범,분석,52483920,87.514,87.244,-0.56994 (99.43006),6 7,2021/07/20 13:25:51,낙찰하한선 미달
-156,1138148366,주식회사 레이어스,조인선,분석,52481354,87.51,87.24,-0.57480 (99.4252),9 15,2021/07/21 15:14:45,낙찰하한선 미달
-157,1738100739,주식회사 이음테크넷,임봉순,분석,52477447,87.503,87.234,-0.58220 (99.4178),7 9,2021/07/22 09:52:48,낙찰하한선 미달
-158,2098124011,(주)주암전기통신,정한석,분석,52476551,87.502,87.232,-0.58390 (99.4161),6 13,2021/07/21 09:44:03,낙찰하한선 미달
-159,2098161262,주식회사 아이에스인텍,황관홍,분석,52474190,87.498,87.228,-0.58837 (99.41163),4 7,2021/07/21 17:30:12,낙찰하한선 미달
-160,2158727392,매컴정보통신(주),장병호,분석,52472490,87.495,87.225,-0.59160 (99.4084),8 10,2021/07/21 08:05:24,낙찰하한선 미달
-161,1238135136,(주)청남통신,최재언,분석,52468790,87.489,87.219,-0.59861 (99.40139),7 10,2021/07/21 10:03:21,낙찰하한선 미달
-162,4048131290,(주)아이앤씨코리아,박규성,분석,52460778,87.476,87.206,-0.61378 (99.38622),6 3,2021/07/21 19:29:20,낙찰하한선 미달
-163,1068656301,주식회사 티제이원,최정국,분석,52458128,87.471,87.202,-0.61880 (99.3812),3 2,2021/07/20 10:53:26,낙찰하한선 미달
-164,2158706984,도드람정보기술 주식회사,이명석,분석,52457495,87.47,87.2,-0.62000 (99.38),4 15,2021/07/21 10:03:20,낙찰하한선 미달
-165,2148687288,(주)포어링크,송기봉,분석,52453588,87.464,87.194,-0.62741 (99.37259),4 10,2021/07/20 16:28:10,낙찰하한선 미달
-166,2068164028,주식회사 이지비앤티,김한복,분석,52452500,87.462,87.192,-0.62947 (99.37053),11 8,2021/07/20 10:11:41,낙찰하한선 미달
-167,1078151890,주식회사유진솔루션,이훈희,분석,52449787,87.457,87.188,-0.63461 (99.36539),3 2,2021/07/21 09:14:07,낙찰하한선 미달
-168,2148768177,(주)프라임엔시스템,윤재중,분석,52445530,87.45,87.181,-0.64267 (99.35733),9 13,2021/07/22 09:23:36,낙찰하한선 미달
-169,2208104161,대신정보기술(주),이광호,분석,52443500,87.447,87.177,-0.64652 (99.35348),11 6,2021/07/21 13:44:07,낙찰하한선 미달
-170,3148189882,주식회사 제이케이씨엔에스,이동호,분석,52443137,87.446,87.177,-0.64720 (99.3528),8 4,2021/07/21 13:21:04,낙찰하한선 미달
-171,2208735083,주식회사 강남전기공사,나중안,분석,52442609,87.445,87.176,-0.64820 (99.3518),8 13,2021/07/20 10:27:46,낙찰하한선 미달
-172,1148182595,주식회사 싸인텔레콤,박영기,분석,52440445,87.442,87.172,-0.65230 (99.3477),7 1,2021/07/22 09:04:44,낙찰하한선 미달
-173,1058162163,주식회사대한종합산전,이섭,분석,52439400,87.44,87.17,-0.65428 (99.34572),3 15,2021/07/21 09:26:38,낙찰하한선 미달
-174,1078165206,앤아이에스(주),안광희,분석,52435536,87.434,87.164,-0.66160 (99.3384),2 4,2021/07/22 09:49:47,낙찰하한선 미달
-175,1058740405,(주)화성이엔지,김택환,분석,52434270,87.431,87.162,-0.66400 (99.336),11 4,2021/07/20 15:30:21,낙찰하한선 미달
-176,3238801633,동부엔텍 주식회사,류광성,분석,52428304,87.422,87.152,-0.67531 (99.32469),11 13,2021/07/22 08:06:43,낙찰하한선 미달
-177,2208680918,(주)엠디엠알,이재원,분석,52426457,87.418,87.149,-0.67880 (99.3212),2 9,2021/07/20 23:16:33,낙찰하한선 미달
-178,2158768281,태일정보시스템(주),이미자,분석,52426034,87.418,87.148,-0.67961 (99.32039),9 1,2021/07/21 14:55:08,낙찰하한선 미달
-179,2148673033,대일전기통신(주),김종엽,분석,52425422,87.417,87.147,-0.68077 (99.31923),2 12,2021/07/21 16:57:04,낙찰하한선 미달
-180,2108122973,인터컴넷(주),양지호,분석,52425137,87.416,87.147,-0.68131 (99.31869),13 15,2021/07/20 16:08:16,낙찰하한선 미달
-181,1198606485,주식회사 에이치엠솔루션,이상진,분석,52423800,87.414,87.144,-0.68384 (99.31616),4 12,2021/07/21 09:55:22,낙찰하한선 미달
-182,1178186611,주식회사 에프에이일렉콤,박인숙,분석,52423395,87.413,87.144,-0.68461 (99.31539),9 5,2021/07/21 09:00:09,낙찰하한선 미달
-183,2138627690,(주)이스텍,황복영,분석,52418908,87.406,87.136,-0.69311 (99.30689),13 5,2021/07/22 09:05:59,낙찰하한선 미달
-184,1078757203,주식회사 비에스파워,정병섭,분석,52417650,87.404,87.134,-0.69549 (99.30451),8 2,2021/07/21 00:20:34,낙찰하한선 미달
-185,1078616772,노드링크주식회사,장용철,분석,52416164,87.401,87.132,-0.69830 (99.3017),7 8,2021/07/21 10:46:00,낙찰하한선 미달
-186,5298100062,주식회사 알에프코리아,신현성,분석,52413788,87.397,87.128,-0.70281 (99.29719),8 7,2021/07/21 09:55:46,낙찰하한선 미달
-187,2118895916,주식회사 지오통신,김영송,분석,52410090,87.391,87.122,-0.70981 (99.29019),4 2,2021/07/21 15:56:09,낙찰하한선 미달
-188,1358131171,(주)금성전기통신공사,김윤환,분석,52407650,87.387,87.118,-0.71443 (99.28557),15 9,2021/07/20 10:22:41,낙찰하한선 미달
-189,2118611270,(주)에센텍,최현창,분석,52403231,87.38,87.11,-0.72281 (99.27719),11 15,2021/07/21 09:33:18,낙찰하한선 미달
-190,2048133679,(주)뉴콤,배상열,분석,52400792,87.376,87.106,-0.72743 (99.27257),15 14,2021/07/20 14:49:57,낙찰하한선 미달
-191,2958800474,주식회사 원정보기술원,송은자,분석,52399100,87.373,87.103,-0.73063 (99.26937),4 8,2021/07/21 09:13:55,낙찰하한선 미달
-192,2148619081,주식회사 유신테크,김용근,분석,52397900,87.371,87.101,-0.73291 (99.26709),9 3,2021/07/22 09:28:09,낙찰하한선 미달
-193,2048129194,위성이앤씨(주),이양숙,분석,52391302,87.36,87.09,-0.74541 (99.25459),3 2,2021/07/20 17:07:30,낙찰하한선 미달
-194,1138618789,이노뎁(주),이성진,분석,52391249,87.36,87.09,-0.74551 (99.25449),11 8,2021/07/20 16:20:30,낙찰하한선 미달
-195,2200459632,하나정보통신,현광섭,분석,52386182,87.351,87.082,-0.75510 (99.2449),3 8,2021/07/20 13:55:38,낙찰하한선 미달
-196,2138634018,(주)비트정보통신,송재화,분석,52381221,87.343,87.074,-0.76450 (99.2355),1 14,2021/07/21 09:04:27,낙찰하한선 미달
-197,1178161755,(주) 유강이엔씨,조천식,분석,52376682,87.335,87.066,-0.77310 (99.2269),15 7,2021/07/22 09:37:35,낙찰하한선 미달
-198,1198650754,비젼전자통신 주식회사,홍성수,분석,52374000,87.331,87.062,-0.77818 (99.22182),9 1,2021/07/20 10:03:55,낙찰하한선 미달
-199,1198642201,주식회사 한일이앤씨,황유경,분석,52372248,87.328,87.059,-0.78150 (99.2185),5 4,2021/07/21 10:36:38,낙찰하한선 미달
-200,2018179526,중앙케이블네트워크(주),노상우,분석,52366546,87.319,87.049,-0.79230 (99.2077),3 15,2021/07/20 18:24:49,낙찰하한선 미달
-201,2021067983,엘지전자통신공사,최태익,분석,52366441,87.318,87.049,-0.79250 (99.2075),3 6,2021/07/22 08:02:06,낙찰하한선 미달
-202,1148137386,(주)유일엔지니어링,신영호,분석,52363233,87.313,87.044,-0.79858 (99.20142),1 7,2021/07/22 08:45:52,낙찰하한선 미달
-203,1068678514,주식회사 인프라이엔씨,김병훈,분석,52362490,87.312,87.043,-0.79999 (99.20001),14 13,2021/07/20 13:04:23,낙찰하한선 미달
-204,1078746443,(주)라인테크놀로지,유현식,분석,52360053,87.308,87.039,-0.80461 (99.19539),13 6,2021/07/21 16:48:17,낙찰하한선 미달
-205,3708600747,엔에이정보통신 주식회사,나준제,분석,52359737,87.307,87.038,-0.80520 (99.1948),12 7,2021/07/21 15:17:15,낙찰하한선 미달
-206,1108175113,이에스콘트롤스 (주),김영준,분석,52353403,87.297,87.027,-0.81720 (99.1828),9 7,2021/07/22 09:17:37,낙찰하한선 미달
-207,2118774990,(주)제이에프텍,김중규,분석,52352340,87.295,87.026,-0.81922 (99.18078),5 13,2021/07/21 16:03:57,낙찰하한선 미달
-208,1198133411,주식회사 나경이엔씨,윤병유,분석,52347970,87.288,87.018,-0.82750 (99.1725),10 9,2021/07/20 14:59:19,낙찰하한선 미달
-209,1058192352,한아름정보통신(주),손경선,분석,52338360,87.272,87.002,-0.84570 (99.1543),11 13,2021/07/21 17:12:56,낙찰하한선 미달
-210,1078756640,주식회사 링크씨앤아이,김대훈,분석,52337937,87.271,87.002,-0.84650 (99.1535),15 14,2021/07/21 12:04:27,낙찰하한선 미달
-211,7048701285,주식회사 하랑에스아이,김호중,분석,52334660,87.265,86.996,-0.85271 (99.14729),1 9,2021/07/20 17:10:51,낙찰하한선 미달
-212,1138146387,(주)대산시스템,전재수,분석,52334296,87.265,86.996,-0.85340 (99.1466),12 4,2021/07/21 09:16:23,낙찰하한선 미달
-213,2128144463,동양비엠에스(주),김태수,분석,52334189,87.265,86.996,-0.85360 (99.1464),11 9,2021/07/22 09:12:19,낙찰하한선 미달
-214,3738701418,주식회사 에스비넷,전막동,분석,52333840,87.264,86.995,-0.85427 (99.14573),13 7,2021/07/20 10:14:18,낙찰하한선 미달
-215,1058151176,(주)에스디엠엔씨,조성정,분석,52332394,87.262,86.993,-0.85701 (99.14299),11 9,2021/07/20 14:44:23,낙찰하한선 미달
-216,1198123174,주식회사 도래정보시스템,이은숙,분석,52329970,87.258,86.988,-0.86160 (99.1384),2 7,2021/07/21 09:10:48,낙찰하한선 미달
-217,2208123149,(주)에이제이월드,최순호,분석,52327458,87.253,86.984,-0.86636 (99.13364),11 3,2021/07/21 10:27:04,낙찰하한선 미달
-218,2098133432,(주)가람씨앤씨,임승덕,분석,52321730,87.244,86.975,-0.87721 (99.12279),9 7,2021/07/21 10:05:32,낙찰하한선 미달
-219,3078146338,주식회사 하람이엔지,전유선,분석,52321600,87.244,86.975,-0.87745 (99.12255),9 14,2021/07/22 07:54:56,낙찰하한선 미달
-220,2118193336,(주)국제비엠에스,윤도선,분석,52317192,87.236,86.967,-0.88581 (99.11419),2 3,2021/07/21 10:55:16,낙찰하한선 미달
-221,6428601243,주식회사 기가넷시스템,방영락,분석,52311474,87.227,86.958,-0.89664 (99.10336),5 8,2021/07/20 10:25:42,낙찰하한선 미달
-222,7518800203,주식회사 엔티유시스템,한근섭,분석,52310500,87.225,86.956,-0.89848 (99.10152),6 7,2021/07/21 08:15:27,낙찰하한선 미달
-223,2098133747,(주)한국에스알테크,이재호,분석,52309750,87.224,86.955,-0.89990 (99.1001),6 2,2021/07/21 09:24:36,낙찰하한선 미달
-224,1198635243,(주)다룸정보기술,이혜경,분석,52304840,87.216,86.947,-0.90921 (99.09079),2 12,2021/07/21 18:45:29,낙찰하한선 미달
-225,1068178902,주식회사 티에스아이티,박용수,분석,52302316,87.211,86.943,-0.91399 (99.08601),14 3,2021/07/20 10:18:22,낙찰하한선 미달
-226,1191119997,대흥전기통신공사,고미영,분석,52297662,87.204,86.935,-0.92280 (99.0772),15 2,2021/07/22 08:25:52,낙찰하한선 미달
-227,1198605337,(주)신한이엔아이,유순자,분석,52290694,87.192,86.923,-0.93601 (99.06399),6 15,2021/07/22 08:21:09,낙찰하한선 미달
-228,1168147309,문엔지니어링(주),문헌일,분석,52288500,87.188,86.92,-0.94016 (99.05984),5 4,2021/07/22 09:31:01,낙찰하한선 미달
-229,1058178215,금성시큐리티(주),조성아,분석,52284994,87.183,86.914,-0.94680 (99.0532),11 5,2021/07/22 00:10:06,낙찰하한선 미달
-230,1078156541,한국네트웍엔지니어링 주식회사,김해홍,분석,52281826,87.177,86.908,-0.95281 (99.04719),11 13,2021/07/21 10:08:05,낙찰하한선 미달
-231,1058629723,(주)트리콤미디어,어기호,분석,52278500,87.172,86.903,-0.95911 (99.04089),4 9,2021/07/21 15:23:46,낙찰하한선 미달
-232,2118640396,주식회사 선진콘트롤 엔 엑세스,이철희,분석,52277445,87.17,86.901,-0.96111 (99.03889),11 10,2021/07/21 15:33:47,낙찰하한선 미달
-233,2208865207,주식회사 소나텍,최성욱,분석,52274595,87.165,86.896,-0.96650 (99.0335),4 12,2021/07/21 16:05:24,낙찰하한선 미달
-234,1138192009,(주)엘트정보기술,김용호,분석,52258180,87.138,86.869,-0.99760 (99.0024),11 5,2021/07/20 17:07:36,낙찰하한선 미달
-235,1198668458,이쓰리웍스 주식회사,박시영,분석,52253100,87.129,86.861,-1.00723 (98.99277),3 12,2021/07/21 10:12:59,낙찰하한선 미달
-236,1078104441,진화전기(주),문충모,분석,52251687,87.127,86.858,-1.00990 (98.9901),10 6,2021/07/22 09:04:29,낙찰하한선 미달
-237,2078124989,청보음향(주),고인우,분석,52251530,87.127,86.858,-1.01020 (98.9898),11 14,2021/07/21 10:14:35,낙찰하한선 미달
-238,6058632937,주식회사 타키온정보기술,이건조,분석,52250800,87.126,86.857,-1.01158 (98.98842),4 11,2021/07/21 15:46:58,낙찰하한선 미달
-239,1098150581,주식회사 우진파워텍,한용일,분석,52246510,87.118,86.85,-1.01971 (98.98029),1 2,2021/07/21 13:36:41,낙찰하한선 미달
-240,1198668254,디에스인포시스(주),최혜경,분석,52235021,87.099,86.831,-1.04148 (98.95852),5 4,2021/07/20 15:49:52,낙찰하한선 미달
-241,1058110006,삼성전기산업 주식회사,박소연,분석,52222190,87.078,86.809,-1.06579 (98.93421),3 15,2021/07/22 09:32:33,낙찰하한선 미달
-242,1098167078,(주)에스씨네트,이계영,분석,52204000,87.048,86.779,-1.10025 (98.89975),9 8,2021/07/20 10:10:14,낙찰하한선 미달
-243,1258180919,(주)경일전공,정요진,분석,52178050,87.004,86.736,-1.14941 (98.85059),3 8,2021/07/21 17:27:37,낙찰하한선 미달
-244,2168115295,(주)로보티어,변명현,분석,52124900,86.916,86.648,-1.25010 (98.7499),7 5,2021/07/21 10:51:56,낙찰하한선 미달
-245,2068196840,주식회사 혜성이티에스,이상영,분석,52111860,86.894,86.626,-1.27480 (98.7252),9 13,2021/07/22 08:50:16,낙찰하한선 미달
-246,2148891087,세경네트웍스 주식회사,장중석,분석,52052750,86.795,86.528,-1.38679 (98.61321),5 12,2021/07/21 14:15:35,낙찰하한선 미달
-247,1178152009,동아신호 주식회사,최종수,분석,32610570,54.376,54.209,-38.21973 (61.78027),7 4,2021/07/21 15:50:49,낙찰하한선 미달
